1.4500000000000004
1.4500000000000004
1.5500000000000005
1.5500000000000005
1.5500000000000005
1.5500000000000005
1.5500000000000005
1.6000000000000005
1.6000000000000005
1.6000000000000005
1.6000000000000005
1.6000000000000005
1.6000000000000005
1.6000000000000005
1.6500000000000006
1.6500000000000006
1.6500000000000006
1.6500000000000006
1.6500000000000006
1.6500000000000006
1.6500000000000006
1.6500000000000006
1.6500000000000006
1.6500000000000006
1.7000000000000006
1.7000000000000006
1.7000000000000006
1.7000000000000006
1.7000000000000006
1.7000000000000006
1.7000000000000006
1.7000000000000006
1.7000000000000006
1.7000000000000006
1.7000000000000006
1.7500000000000007
1.7500000000000007
1.7500000000000007
1.7500000000000007
1.7500000000000007
1.7500000000000007
1.7500000000000007
1.7500000000000007
1.7500000000000007
1.7500000000000007
1.7500000000000007
1.7500000000000007
1.7500000000000007
1.8000000000000007
1.8000000000000007
1.8000000000000007
1.8000000000000007
1.8000000000000007
1.8000000000000007
1.8000000000000007
1.8000000000000007
1.8000000000000007
1.8000000000000007
1.8000000000000007
1.8000000000000007
1.8500000000000008
1.8500000000000008
1.8500000000000008
1.8500000000000008
1.8500000000000008
1.8500000000000008
1.8500000000000008
1.8500000000000008
1.8500000000000008
1.8500000000000008
1.8500000000000008
1.8500000000000008
1.9000000000000008
1.9000000000000008
1.9000000000000008
1.9000000000000008
1.9000000000000008
1.9000000000000008
1.9000000000000008
1.9000000000000008
1.9000000000000008
1.9000000000000008
1.9000000000000008
1.9000000000000008
1.9000000000000008
1.9500000000000008
1.9500000000000008
1.9500000000000008
1.9500000000000008
1.9500000000000008
1.9500000000000008
1.9500000000000008
1.9500000000000008
1.9500000000000008
1.9500000000000008
1.9500000000000008
1.9500000000000008
1.9500000000000008
1.9500000000000008
2.000000000000001
2.000000000000001
2.000000000000001
2.000000000000001
2.000000000000001
2.000000000000001
2.000000000000001
2.000000000000001
2.000000000000001
2.000000000000001
2.000000000000001
2.000000000000001
2.000000000000001
2.000000000000001
2.0500000000000007
2.0500000000000007
2.0500000000000007
2.0500000000000007
2.0500000000000007
2.0500000000000007
2.0500000000000007
2.0500000000000007
2.0500000000000007
2.0500000000000007
2.0500000000000007
2.0500000000000007
2.0500000000000007
2.0500000000000007
2.100000000000001
2.100000000000001
2.100000000000001
2.100000000000001
2.100000000000001
2.100000000000001
2.100000000000001
2.100000000000001
2.100000000000001
2.100000000000001
2.100000000000001
2.100000000000001
2.100000000000001
2.100000000000001
2.100000000000001
2.100000000000001
2.1500000000000012
2.1500000000000012
2.1500000000000012
2.1500000000000012
2.1500000000000012
2.1500000000000012
2.1500000000000012
2.1500000000000012
2.1500000000000012
2.1500000000000012
2.1500000000000012
2.1500000000000012
2.1500000000000012
2.1500000000000012
2.1500000000000012
2.1500000000000012
2.200000000000001
2.200000000000001
2.200000000000001
2.200000000000001
2.200000000000001
2.200000000000001
2.200000000000001
2.200000000000001
2.200000000000001
2.200000000000001
2.200000000000001
2.200000000000001
2.200000000000001
2.200000000000001
2.200000000000001
2.200000000000001
2.250000000000001
2.250000000000001
2.250000000000001
2.250000000000001
2.250000000000001
2.250000000000001
2.250000000000001
2.250000000000001
2.250000000000001
2.250000000000001
2.250000000000001
2.250000000000001
2.250000000000001
2.250000000000001
2.250000000000001
2.250000000000001
2.250000000000001
2.300000000000001
2.300000000000001
2.300000000000001
2.300000000000001
2.300000000000001
2.300000000000001
2.300000000000001
2.300000000000001
2.300000000000001
2.300000000000001
2.300000000000001
2.300000000000001
2.300000000000001
2.300000000000001
2.300000000000001
2.300000000000001
2.300000000000001
2.3500000000000014
2.3500000000000014
2.3500000000000014
2.3500000000000014
2.3500000000000014
2.3500000000000014
2.3500000000000014
2.3500000000000014
2.3500000000000014
2.3500000000000014
2.3500000000000014
2.3500000000000014
2.3500000000000014
2.3500000000000014
2.3500000000000014
2.3500000000000014
2.3500000000000014
2.3500000000000014
2.4000000000000012
2.4000000000000012
2.4000000000000012
2.4000000000000012
2.4000000000000012
2.4000000000000012
2.4000000000000012
2.4000000000000012
2.4000000000000012
2.4000000000000012
2.4000000000000012
2.4000000000000012
2.4000000000000012
2.4000000000000012
2.4000000000000012
2.4000000000000012
2.4000000000000012
2.4000000000000012
2.4000000000000012
2.450000000000001
2.450000000000001
2.450000000000001
2.450000000000001
2.450000000000001
2.450000000000001
2.450000000000001
2.450000000000001
2.450000000000001
2.450000000000001
2.450000000000001
2.450000000000001
2.450000000000001
2.450000000000001
2.450000000000001
2.450000000000001
2.450000000000001
2.450000000000001
2.450000000000001
2.5000000000000013
2.5000000000000013
2.5000000000000013
2.5000000000000013
2.5000000000000013
2.5000000000000013
2.5000000000000013
2.5000000000000013
2.5000000000000013
2.5000000000000013
2.5000000000000013
2.5000000000000013
2.5000000000000013
2.5000000000000013
2.5000000000000013
2.5000000000000013
2.5000000000000013
2.5000000000000013
2.5000000000000013
2.5000000000000013
2.5500000000000016
2.5500000000000016
2.5500000000000016
2.5500000000000016
2.5500000000000016
2.5500000000000016
2.5500000000000016
2.5500000000000016
2.5500000000000016
2.5500000000000016
2.5500000000000016
2.5500000000000016
2.5500000000000016
2.5500000000000016
2.5500000000000016
2.5500000000000016
2.5500000000000016
2.5500000000000016
2.5500000000000016
2.5500000000000016
2.6000000000000014
2.6000000000000014
2.6000000000000014
2.6000000000000014
2.6000000000000014
2.6000000000000014
2.6000000000000014
2.6000000000000014
2.6000000000000014
2.6000000000000014
2.6000000000000014
2.6000000000000014
2.6000000000000014
2.6000000000000014
2.6000000000000014
2.6000000000000014
2.6000000000000014
2.6000000000000014
2.6000000000000014
2.6000000000000014
2.6000000000000014
2.6500000000000012
2.6500000000000012
2.6500000000000012
2.6500000000000012
2.6500000000000012
2.6500000000000012
2.6500000000000012
2.6500000000000012
2.6500000000000012
2.6500000000000012
2.6500000000000012
2.6500000000000012
2.6500000000000012
2.6500000000000012
2.6500000000000012
2.6500000000000012
2.6500000000000012
2.6500000000000012
2.6500000000000012
2.6500000000000012
2.6500000000000012
2.6500000000000012
2.7000000000000015
2.7000000000000015
2.7000000000000015
2.7000000000000015
2.7000000000000015
2.7000000000000015
2.7000000000000015
2.7000000000000015
2.7000000000000015
2.7000000000000015
2.7000000000000015
2.7000000000000015
2.7000000000000015
2.7000000000000015
2.7000000000000015
2.7000000000000015
2.7000000000000015
2.7000000000000015
2.7000000000000015
2.7000000000000015
2.7000000000000015
2.7000000000000015
2.7500000000000018
2.7500000000000018
2.7500000000000018
2.7500000000000018
2.7500000000000018
2.7500000000000018
2.7500000000000018
2.7500000000000018
2.7500000000000018
2.7500000000000018
2.7500000000000018
2.7500000000000018
2.7500000000000018
2.7500000000000018
2.7500000000000018
2.7500000000000018
2.7500000000000018
2.7500000000000018
2.7500000000000018
2.7500000000000018
2.7500000000000018
2.7500000000000018
2.8000000000000016
2.8000000000000016
2.8000000000000016
2.8000000000000016
2.8000000000000016
2.8000000000000016
2.8000000000000016
2.8000000000000016
2.8000000000000016
2.8000000000000016
2.8000000000000016
2.8000000000000016
2.8000000000000016
2.8000000000000016
2.8000000000000016
2.8000000000000016
2.8000000000000016
2.8000000000000016
2.8000000000000016
2.8000000000000016
2.8000000000000016
2.8000000000000016
2.8500000000000014
2.8500000000000014
2.8500000000000014
2.8500000000000014
2.8500000000000014
2.8500000000000014
2.8500000000000014
2.8500000000000014
2.8500000000000014
2.8500000000000014
2.8500000000000014
2.8500000000000014
2.8500000000000014
2.8500000000000014
2.8500000000000014
2.8500000000000014
2.8500000000000014
2.8500000000000014
2.8500000000000014
2.8500000000000014
2.8500000000000014
2.8500000000000014
2.9000000000000017
2.9000000000000017
2.9000000000000017
2.9000000000000017
2.9000000000000017
2.9000000000000017
2.9000000000000017
2.9000000000000017
2.9000000000000017
2.9000000000000017
2.9000000000000017
2.9000000000000017
2.9000000000000017
2.9000000000000017
2.9000000000000017
2.9000000000000017
2.9000000000000017
2.9000000000000017
2.9000000000000017
2.9000000000000017
2.9000000000000017
2.9000000000000017
2.950000000000002
2.950000000000002
2.950000000000002
2.950000000000002
2.950000000000002
2.950000000000002
2.950000000000002
2.950000000000002
2.950000000000002
2.950000000000002
2.950000000000002
2.950000000000002
2.950000000000002
2.950000000000002
2.950000000000002
2.950000000000002
2.950000000000002
2.950000000000002
2.950000000000002
2.950000000000002
2.950000000000002
2.950000000000002
3.0000000000000018
3.0000000000000018
3.0000000000000018
3.0000000000000018
3.0000000000000018
3.0000000000000018
3.0000000000000018
3.0000000000000018
3.0000000000000018
3.0000000000000018
3.0000000000000018
3.0000000000000018
3.0000000000000018
3.0000000000000018
3.0000000000000018
3.0000000000000018
3.0000000000000018
3.0500000000000016
3.0500000000000016
3.0500000000000016
3.0500000000000016
3.0500000000000016
3.0500000000000016
3.0500000000000016
3.0500000000000016
3.0500000000000016
3.0500000000000016
3.0500000000000016
3.0500000000000016
3.0500000000000016
3.0500000000000016
3.0500000000000016
3.0500000000000016
3.100000000000002
3.100000000000002
3.100000000000002
3.100000000000002
3.100000000000002
3.100000000000002
3.100000000000002
3.100000000000002
3.100000000000002
3.100000000000002
3.100000000000002
3.100000000000002
3.100000000000002
3.100000000000002
3.100000000000002
3.100000000000002
3.150000000000002
3.150000000000002
3.150000000000002
3.150000000000002
3.150000000000002
3.150000000000002
3.150000000000002
3.150000000000002
3.150000000000002
3.150000000000002
3.150000000000002
3.150000000000002
3.150000000000002
3.150000000000002
3.150000000000002
3.200000000000002
3.200000000000002
3.200000000000002
3.200000000000002
3.200000000000002
3.200000000000002
3.200000000000002
3.200000000000002
3.200000000000002
3.200000000000002
3.200000000000002
3.200000000000002
3.200000000000002
3.200000000000002
3.2500000000000018
3.2500000000000018
3.2500000000000018
3.2500000000000018
3.2500000000000018
3.2500000000000018
3.2500000000000018
3.2500000000000018
3.2500000000000018
3.2500000000000018
3.2500000000000018
3.2500000000000018
3.2500000000000018
3.2500000000000018
3.300000000000002
3.300000000000002
3.300000000000002
3.300000000000002
3.300000000000002
3.300000000000002
3.300000000000002
3.300000000000002
3.300000000000002
3.300000000000002
3.300000000000002
3.300000000000002
3.300000000000002
3.300000000000002
3.3500000000000023
3.3500000000000023
3.3500000000000023
3.3500000000000023
3.3500000000000023
3.3500000000000023
3.3500000000000023
3.3500000000000023
3.3500000000000023
3.3500000000000023
3.3500000000000023
3.3500000000000023
3.3500000000000023
3.3500000000000023
3.400000000000002
3.400000000000002
3.400000000000002
3.400000000000002
3.400000000000002
3.400000000000002
3.400000000000002
3.400000000000002
3.400000000000002
3.400000000000002
3.400000000000002
3.400000000000002
3.400000000000002
3.450000000000002
3.450000000000002
3.450000000000002
3.450000000000002
3.450000000000002
3.450000000000002
3.450000000000002
3.450000000000002
3.450000000000002
3.450000000000002
3.450000000000002
3.450000000000002
3.450000000000002
3.500000000000002
3.500000000000002
3.500000000000002
3.500000000000002
3.500000000000002
3.500000000000002
3.500000000000002
3.500000000000002
3.500000000000002
3.500000000000002
3.500000000000002
3.500000000000002
3.500000000000002
3.5500000000000025
3.5500000000000025
3.5500000000000025
3.5500000000000025
3.5500000000000025
3.5500000000000025
3.5500000000000025
3.5500000000000025
3.5500000000000025
3.5500000000000025
3.5500000000000025
3.5500000000000025
3.5500000000000025
3.6000000000000023
3.6000000000000023
3.6000000000000023
3.6000000000000023
3.6000000000000023
3.6000000000000023
3.6000000000000023
3.6000000000000023
3.6000000000000023
3.6000000000000023
3.6000000000000023
3.6000000000000023
3.6000000000000023
3.650000000000002
3.650000000000002
3.650000000000002
3.650000000000002
3.650000000000002
3.650000000000002
3.650000000000002
3.650000000000002
3.650000000000002
3.650000000000002
3.650000000000002
3.650000000000002
3.650000000000002
3.650000000000002
3.650000000000002
3.7000000000000024
3.7000000000000024
3.7000000000000024
3.7000000000000024
3.7000000000000024
3.7000000000000024
3.7000000000000024
3.7000000000000024
3.7000000000000024
3.7000000000000024
3.7000000000000024
3.7000000000000024
3.7000000000000024
3.7000000000000024
3.7000000000000024
3.7500000000000027
3.7500000000000027
3.7500000000000027
3.7500000000000027
3.7500000000000027
3.7500000000000027
3.7500000000000027
3.7500000000000027
3.7500000000000027
3.7500000000000027
3.7500000000000027
3.7500000000000027
3.7500000000000027
3.7500000000000027
3.7500000000000027
3.7500000000000027
3.7500000000000027
3.8000000000000025
3.8000000000000025
3.8000000000000025
3.8000000000000025
3.8000000000000025
3.8000000000000025
3.8000000000000025
3.8000000000000025
3.8000000000000025
3.8000000000000025
3.8000000000000025
3.8000000000000025
3.8000000000000025
3.8000000000000025
3.8000000000000025
3.8000000000000025
3.8000000000000025
3.8000000000000025
3.8500000000000023
3.8500000000000023
3.8500000000000023
3.8500000000000023
3.8500000000000023
3.8500000000000023
3.8500000000000023
3.8500000000000023
3.8500000000000023
3.8500000000000023
3.8500000000000023
3.8500000000000023
3.8500000000000023
3.8500000000000023
3.8500000000000023
3.8500000000000023
3.8500000000000023
3.8500000000000023
3.9000000000000026
3.9000000000000026
3.9000000000000026
3.9000000000000026
3.9000000000000026
3.9000000000000026
3.9000000000000026
3.9000000000000026
3.9000000000000026
3.9000000000000026
3.9000000000000026
3.9000000000000026
3.9000000000000026
3.9000000000000026
3.9000000000000026
3.9000000000000026
3.9000000000000026
3.9000000000000026
3.9000000000000026
3.950000000000003
3.950000000000003
3.950000000000003
3.950000000000003
3.950000000000003
3.950000000000003
3.950000000000003
3.950000000000003
3.950000000000003
3.950000000000003
3.950000000000003
3.950000000000003
3.950000000000003
3.950000000000003
3.950000000000003
3.950000000000003
3.950000000000003
3.950000000000003
3.950000000000003
4.000000000000003
4.000000000000003
4.000000000000003
4.000000000000003
4.000000000000003
4.000000000000003
4.000000000000003
4.000000000000003
4.000000000000003
4.000000000000003
4.000000000000003
4.000000000000003
4.000000000000003
4.000000000000003
4.000000000000003
4.000000000000003
4.000000000000003
4.000000000000003
4.000000000000003
4.0500000000000025
4.0500000000000025
4.0500000000000025
4.0500000000000025
4.0500000000000025
4.0500000000000025
4.0500000000000025
4.0500000000000025
4.0500000000000025
4.0500000000000025
4.0500000000000025
4.0500000000000025
4.0500000000000025
4.0500000000000025
4.0500000000000025
4.0500000000000025
4.0500000000000025
4.0500000000000025
4.0500000000000025
4.100000000000003
4.100000000000003
4.100000000000003
4.100000000000003
4.100000000000003
4.100000000000003
4.100000000000003
4.100000000000003
4.100000000000003
4.100000000000003
4.100000000000003
4.100000000000003
4.100000000000003
4.100000000000003
4.100000000000003
4.100000000000003
4.100000000000003
4.100000000000003
4.100000000000003
4.150000000000003
4.150000000000003
4.150000000000003
4.150000000000003
4.150000000000003
4.150000000000003
4.150000000000003
4.150000000000003
4.150000000000003
4.150000000000003
4.150000000000003
4.150000000000003
4.150000000000003
4.150000000000003
4.150000000000003
4.150000000000003
4.150000000000003
4.150000000000003
4.150000000000003
4.200000000000003
4.200000000000003
4.200000000000003
4.200000000000003
4.200000000000003
4.200000000000003
4.200000000000003
4.200000000000003
4.200000000000003
4.200000000000003
4.200000000000003
4.200000000000003
4.200000000000003
4.200000000000003
4.200000000000003
4.200000000000003
4.200000000000003
4.200000000000003
4.200000000000003
4.250000000000003
4.250000000000003
4.250000000000003
4.250000000000003
4.250000000000003
4.250000000000003
4.250000000000003
4.250000000000003
4.250000000000003
4.250000000000003
4.250000000000003
4.250000000000003
4.250000000000003
4.250000000000003
4.250000000000003
4.250000000000003
4.250000000000003
4.250000000000003
4.250000000000003
4.3000000000000025
4.3000000000000025
4.3000000000000025
4.3000000000000025
4.3000000000000025
4.3000000000000025
4.3000000000000025
4.3000000000000025
4.3000000000000025
4.3000000000000025
4.3000000000000025
4.3000000000000025
4.3000000000000025
4.3000000000000025
4.3000000000000025
4.3000000000000025
4.3000000000000025
4.3000000000000025
4.3000000000000025
4.350000000000003
4.350000000000003
4.350000000000003
4.350000000000003
4.350000000000003
4.350000000000003
4.350000000000003
4.350000000000003
4.350000000000003
4.350000000000003
4.350000000000003
4.350000000000003
4.350000000000003
4.350000000000003
4.350000000000003
4.350000000000003
4.350000000000003
4.350000000000003
4.400000000000003
4.400000000000003
4.400000000000003
4.400000000000003
4.400000000000003
4.400000000000003
4.400000000000003
4.400000000000003
4.400000000000003
4.400000000000003
4.400000000000003
4.400000000000003
4.400000000000003
4.400000000000003
4.400000000000003
4.400000000000003
4.400000000000003
4.400000000000003
4.450000000000003
4.450000000000003
4.450000000000003
4.450000000000003
4.450000000000003
4.450000000000003
4.450000000000003
4.450000000000003
4.450000000000003
4.450000000000003
4.450000000000003
4.450000000000003
4.450000000000003
4.450000000000003
4.450000000000003
4.450000000000003
4.450000000000003
4.450000000000003
4.5000000000000036
4.5000000000000036
4.5000000000000036
4.5000000000000036
4.5000000000000036
4.5000000000000036
4.5000000000000036
4.5000000000000036
4.5000000000000036
4.5000000000000036
4.5000000000000036
4.5000000000000036
4.5000000000000036
4.5000000000000036
4.5000000000000036
4.5000000000000036
4.5000000000000036
4.5000000000000036
4.550000000000003
4.550000000000003
4.550000000000003
4.550000000000003
4.550000000000003
4.550000000000003
4.550000000000003
4.550000000000003
4.550000000000003
4.550000000000003
4.550000000000003
4.550000000000003
4.550000000000003
4.550000000000003
4.550000000000003
4.550000000000003
4.550000000000003
4.550000000000003
4.600000000000003
4.600000000000003
4.600000000000003
4.600000000000003
4.600000000000003
4.600000000000003
4.600000000000003
4.600000000000003
4.600000000000003
4.600000000000003
4.600000000000003
4.600000000000003
4.600000000000003
4.600000000000003
4.600000000000003
4.600000000000003
4.600000000000003
4.600000000000003
4.650000000000003
4.650000000000003
4.650000000000003
4.650000000000003
4.650000000000003
4.650000000000003
4.650000000000003
4.650000000000003
4.650000000000003
4.650000000000003
4.650000000000003
4.650000000000003
4.650000000000003
4.650000000000003
4.650000000000003
4.650000000000003
4.650000000000003
4.650000000000003
4.700000000000003
4.700000000000003
4.700000000000003
4.700000000000003
4.700000000000003
4.700000000000003
4.700000000000003
4.700000000000003
4.700000000000003
4.700000000000003
4.700000000000003
4.700000000000003
4.700000000000003
4.700000000000003
4.700000000000003
4.700000000000003
4.700000000000003
4.7500000000000036
4.7500000000000036
4.7500000000000036
4.7500000000000036
4.7500000000000036
4.7500000000000036
4.7500000000000036
4.7500000000000036
4.7500000000000036
4.7500000000000036
4.7500000000000036
4.7500000000000036
4.7500000000000036
4.7500000000000036
4.7500000000000036
4.7500000000000036
4.800000000000003
4.800000000000003
4.800000000000003
4.800000000000003
4.800000000000003
4.800000000000003
4.800000000000003
4.800000000000003
4.800000000000003
4.800000000000003
4.800000000000003
4.800000000000003
4.850000000000003
4.850000000000003
4.850000000000003
4.850000000000003
4.850000000000003
4.850000000000003
4.900000000000004
7.850000000000006
7.850000000000006
7.900000000000006
7.900000000000006
7.900000000000006
7.900000000000006
7.900000000000006
7.950000000000006
7.950000000000006
7.950000000000006
7.950000000000006
7.950000000000006
7.950000000000006
7.950000000000006
7.950000000000006
8.000000000000007
8.000000000000007
8.000000000000007
8.000000000000007
8.000000000000007
8.000000000000007
8.000000000000007
8.000000000000007
8.000000000000007
8.000000000000007
8.050000000000006
8.050000000000006
8.050000000000006
8.050000000000006
8.050000000000006
8.050000000000006
8.050000000000006
8.050000000000006
8.050000000000006
8.050000000000006
8.050000000000006
8.050000000000006
8.050000000000006
8.100000000000007
8.100000000000007
8.100000000000007
8.100000000000007
8.100000000000007
8.100000000000007
8.100000000000007
8.100000000000007
8.100000000000007
8.100000000000007
8.100000000000007
8.100000000000007
8.100000000000007
8.150000000000006
8.150000000000006
8.150000000000006
8.150000000000006
8.150000000000006
8.150000000000006
8.150000000000006
8.150000000000006
8.150000000000006
8.150000000000006
8.150000000000006
8.150000000000006
8.150000000000006
8.200000000000006
8.200000000000006
8.200000000000006
8.200000000000006
8.200000000000006
8.200000000000006
8.200000000000006
8.200000000000006
8.200000000000006
8.200000000000006
8.200000000000006
8.200000000000006
8.200000000000006
8.200000000000006
8.250000000000007
8.250000000000007
8.250000000000007
8.250000000000007
8.250000000000007
8.250000000000007
8.250000000000007
8.250000000000007
8.250000000000007
8.250000000000007
8.250000000000007
8.250000000000007
8.250000000000007
8.250000000000007
8.300000000000006
8.300000000000006
8.300000000000006
8.300000000000006
8.300000000000006
8.300000000000006
8.300000000000006
8.300000000000006
8.300000000000006
8.300000000000006
8.300000000000006
8.300000000000006
8.300000000000006
8.350000000000007
8.350000000000007
8.350000000000007
8.350000000000007
8.350000000000007
8.350000000000007
8.350000000000007
8.350000000000007
8.350000000000007
8.350000000000007
8.350000000000007
8.350000000000007
8.350000000000007
8.400000000000006
8.400000000000006
8.400000000000006
8.400000000000006
8.400000000000006
8.400000000000006
8.400000000000006
8.400000000000006
8.400000000000006
8.400000000000006
8.400000000000006
8.400000000000006
8.400000000000006
8.450000000000006
8.450000000000006
8.450000000000006
8.450000000000006
8.450000000000006
8.450000000000006
8.450000000000006
8.450000000000006
8.450000000000006
8.450000000000006
8.450000000000006
8.450000000000006
8.450000000000006
8.450000000000006
8.500000000000007
8.500000000000007
8.500000000000007
8.500000000000007
8.500000000000007
8.500000000000007
8.500000000000007
8.500000000000007
8.500000000000007
8.500000000000007
8.500000000000007
8.500000000000007
8.500000000000007
8.550000000000008
8.550000000000008
8.550000000000008
8.550000000000008
8.550000000000008
8.550000000000008
8.550000000000008
8.550000000000008
8.550000000000008
8.550000000000008
8.550000000000008
8.550000000000008
8.550000000000008
8.600000000000007
8.600000000000007
8.600000000000007
8.600000000000007
8.600000000000007
8.600000000000007
8.600000000000007
8.600000000000007
8.600000000000007
8.600000000000007
8.600000000000007
8.600000000000007
8.600000000000007
8.650000000000006
8.650000000000006
8.650000000000006
8.650000000000006
8.650000000000006
8.650000000000006
8.650000000000006
8.650000000000006
8.650000000000006
8.650000000000006
8.650000000000006
8.650000000000006
8.650000000000006
8.650000000000006
8.700000000000006
8.700000000000006
8.700000000000006
8.700000000000006
8.700000000000006
8.700000000000006
8.700000000000006
8.700000000000006
8.700000000000006
8.700000000000006
8.700000000000006
8.700000000000006
8.700000000000006
8.750000000000007
8.750000000000007
8.750000000000007
8.750000000000007
8.750000000000007
8.750000000000007
8.750000000000007
8.750000000000007
8.750000000000007
8.750000000000007
8.750000000000007
8.750000000000007
8.750000000000007
8.800000000000008
8.800000000000008
8.800000000000008
8.800000000000008
8.800000000000008
8.800000000000008
8.800000000000008
8.800000000000008
8.800000000000008
8.800000000000008
8.800000000000008
8.800000000000008
8.800000000000008
8.800000000000008
8.850000000000007
8.850000000000007
8.850000000000007
8.850000000000007
8.850000000000007
8.850000000000007
8.850000000000007
8.850000000000007
8.850000000000007
8.850000000000007
8.850000000000007
8.850000000000007
8.850000000000007
8.900000000000007
8.900000000000007
8.900000000000007
8.900000000000007
8.900000000000007
8.900000000000007
8.900000000000007
8.900000000000007
8.900000000000007
8.900000000000007
8.900000000000007
8.900000000000007
8.900000000000007
8.950000000000006
8.950000000000006
8.950000000000006
8.950000000000006
8.950000000000006
8.950000000000006
8.950000000000006
8.950000000000006
8.950000000000006
8.950000000000006
8.950000000000006
8.950000000000006
8.950000000000006
9.000000000000007
9.000000000000007
9.000000000000007
9.000000000000007
9.000000000000007
9.000000000000007
9.000000000000007
9.000000000000007
9.000000000000007
9.000000000000007
9.000000000000007
9.000000000000007
9.000000000000007
9.050000000000008
9.050000000000008
9.050000000000008
9.050000000000008
9.050000000000008
9.050000000000008
9.050000000000008
9.050000000000008
9.050000000000008
9.050000000000008
9.050000000000008
9.050000000000008
9.050000000000008
9.100000000000007
9.100000000000007
9.100000000000007
9.100000000000007
9.100000000000007
9.100000000000007
9.100000000000007
9.100000000000007
9.100000000000007
9.100000000000007
9.100000000000007
9.100000000000007
9.150000000000007
9.150000000000007
9.150000000000007
9.150000000000007
9.150000000000007
9.150000000000007
9.150000000000007
9.150000000000007
9.150000000000007
9.150000000000007
9.150000000000007
9.150000000000007
9.150000000000007
9.200000000000006
9.200000000000006
9.200000000000006
9.200000000000006
9.200000000000006
9.200000000000006
9.200000000000006
9.200000000000006
9.200000000000006
9.200000000000006
9.200000000000006
9.200000000000006
9.200000000000006
9.250000000000007
9.250000000000007
9.250000000000007
9.250000000000007
9.250000000000007
9.250000000000007
9.250000000000007
9.250000000000007
9.250000000000007
9.250000000000007
9.250000000000007
9.250000000000007
9.250000000000007
9.300000000000008
9.300000000000008
9.300000000000008
9.300000000000008
9.300000000000008
9.300000000000008
9.300000000000008
9.300000000000008
9.300000000000008
9.300000000000008
9.300000000000008
9.300000000000008
9.300000000000008
9.350000000000007
9.350000000000007
9.350000000000007
9.350000000000007
9.350000000000007
9.350000000000007
9.350000000000007
9.350000000000007
9.350000000000007
9.350000000000007
9.350000000000007
9.350000000000007
9.400000000000007
9.400000000000007
9.400000000000007
9.400000000000007
9.400000000000007
9.400000000000007
9.400000000000007
9.400000000000007
9.400000000000007
9.400000000000007
9.400000000000007
9.400000000000007
9.400000000000007
9.450000000000008
9.450000000000008
9.450000000000008
9.450000000000008
9.450000000000008
9.450000000000008
9.450000000000008
9.450000000000008
9.450000000000008
9.450000000000008
9.450000000000008
9.450000000000008
9.450000000000008
9.500000000000007
9.500000000000007
9.500000000000007
9.500000000000007
9.500000000000007
9.500000000000007
9.500000000000007
9.500000000000007
9.500000000000007
9.500000000000007
9.500000000000007
9.500000000000007
9.500000000000007
9.550000000000008
9.550000000000008
9.550000000000008
9.550000000000008
9.550000000000008
9.550000000000008
9.550000000000008
9.550000000000008
9.550000000000008
9.550000000000008
9.550000000000008
9.550000000000008
9.550000000000008
9.600000000000009
9.600000000000009
9.600000000000009
9.600000000000009
9.600000000000009
9.600000000000009
9.600000000000009
9.600000000000009
9.600000000000009
9.600000000000009
9.600000000000009
9.600000000000009
9.650000000000007
9.650000000000007
9.650000000000007
9.650000000000007
9.650000000000007
9.650000000000007
9.650000000000007
9.650000000000007
9.650000000000007
9.650000000000007
9.650000000000007
9.650000000000007
9.650000000000007
9.700000000000008
9.700000000000008
9.700000000000008
9.700000000000008
9.700000000000008
9.700000000000008
9.700000000000008
9.700000000000008
9.700000000000008
9.700000000000008
9.700000000000008
9.700000000000008
9.750000000000007
9.750000000000007
9.750000000000007
9.750000000000007
9.750000000000007
9.750000000000007
9.750000000000007
9.750000000000007
9.750000000000007
9.750000000000007
9.750000000000007
9.750000000000007
9.750000000000007
9.800000000000008
9.800000000000008
9.800000000000008
9.800000000000008
9.800000000000008
9.800000000000008
9.800000000000008
9.800000000000008
9.800000000000008
9.800000000000008
9.800000000000008
9.800000000000008
9.850000000000009
9.850000000000009
9.850000000000009
9.850000000000009
9.850000000000009
9.850000000000009
9.850000000000009
9.850000000000009
9.850000000000009
9.850000000000009
9.850000000000009
9.850000000000009
9.850000000000009
9.900000000000007
9.900000000000007
9.900000000000007
9.900000000000007
9.900000000000007
9.900000000000007
9.900000000000007
9.900000000000007
9.900000000000007
9.900000000000007
9.900000000000007
9.900000000000007
9.950000000000008
9.950000000000008
9.950000000000008
9.950000000000008
9.950000000000008
9.950000000000008
9.950000000000008
9.950000000000008
9.950000000000008
9.950000000000008
9.950000000000008
9.950000000000008
9.950000000000008
10.000000000000007
10.000000000000007
10.000000000000007
10.000000000000007
10.000000000000007
10.000000000000007
10.000000000000007
10.000000000000007
10.000000000000007
10.000000000000007
10.000000000000007
10.000000000000007
10.050000000000008
10.050000000000008
10.050000000000008
10.050000000000008
10.050000000000008
10.050000000000008
10.050000000000008
10.050000000000008
10.050000000000008
10.050000000000008
10.050000000000008
10.050000000000008
10.050000000000008
10.100000000000009
10.100000000000009
10.100000000000009
10.100000000000009
10.100000000000009
10.100000000000009
10.100000000000009
10.100000000000009
10.100000000000009
10.100000000000009
10.100000000000009
10.100000000000009
10.150000000000007
10.150000000000007
10.150000000000007
10.150000000000007
10.150000000000007
10.150000000000007
10.150000000000007
10.150000000000007
10.150000000000007
10.150000000000007
10.150000000000007
10.150000000000007
10.150000000000007
10.200000000000008
10.200000000000008
10.200000000000008
10.200000000000008
10.200000000000008
10.200000000000008
10.200000000000008
10.200000000000008
10.200000000000008
10.200000000000008
10.200000000000008
10.200000000000008
10.250000000000009
10.250000000000009
10.250000000000009
10.250000000000009
10.250000000000009
10.250000000000009
10.250000000000009
10.250000000000009
10.250000000000009
10.250000000000009
10.250000000000009
10.250000000000009
10.250000000000009
10.300000000000008
10.300000000000008
10.300000000000008
10.300000000000008
10.300000000000008
10.300000000000008
10.300000000000008
10.300000000000008
10.300000000000008
10.300000000000008
10.300000000000008
10.300000000000008
10.350000000000009
10.350000000000009
10.350000000000009
10.350000000000009
10.350000000000009
10.350000000000009
10.350000000000009
10.350000000000009
10.350000000000009
10.350000000000009
10.350000000000009
10.350000000000009
10.40000000000001
10.40000000000001
10.40000000000001
10.40000000000001
10.40000000000001
10.40000000000001
10.40000000000001
10.40000000000001
10.40000000000001
10.40000000000001
10.40000000000001
10.40000000000001
10.450000000000008
10.450000000000008
10.450000000000008
10.450000000000008
10.450000000000008
10.450000000000008
10.450000000000008
10.450000000000008
10.450000000000008
10.450000000000008
10.450000000000008
10.450000000000008
10.500000000000009
10.500000000000009
10.500000000000009
10.500000000000009
10.500000000000009
10.500000000000009
10.500000000000009
10.500000000000009
10.500000000000009
10.500000000000009
10.500000000000009
10.500000000000009
10.550000000000008
10.550000000000008
10.550000000000008
10.550000000000008
10.550000000000008
10.550000000000008
10.550000000000008
10.550000000000008
10.550000000000008
10.550000000000008
10.550000000000008
10.550000000000008
10.600000000000009
10.600000000000009
10.600000000000009
10.600000000000009
10.600000000000009
10.600000000000009
10.600000000000009
10.600000000000009
10.600000000000009
10.600000000000009
10.600000000000009
10.600000000000009
10.65000000000001
10.65000000000001
10.65000000000001
10.65000000000001
10.65000000000001
10.65000000000001
10.65000000000001
10.65000000000001
10.65000000000001
10.65000000000001
10.65000000000001
10.65000000000001
10.700000000000008
10.700000000000008
10.700000000000008
10.700000000000008
10.700000000000008
10.700000000000008
10.700000000000008
10.700000000000008
10.700000000000008
10.700000000000008
10.700000000000008
10.700000000000008
10.750000000000009
10.750000000000009
10.750000000000009
10.750000000000009
10.750000000000009
10.750000000000009
10.750000000000009
10.750000000000009
10.750000000000009
10.750000000000009
10.750000000000009
10.750000000000009
10.800000000000008
10.800000000000008
10.800000000000008
10.800000000000008
10.800000000000008
10.800000000000008
10.800000000000008
10.800000000000008
10.800000000000008
10.800000000000008
10.800000000000008
10.800000000000008
10.850000000000009
10.850000000000009
10.850000000000009
10.850000000000009
10.850000000000009
10.850000000000009
10.850000000000009
10.850000000000009
10.850000000000009
10.850000000000009
10.850000000000009
10.90000000000001
10.90000000000001
10.90000000000001
10.90000000000001
10.90000000000001
10.90000000000001
10.90000000000001
10.90000000000001
10.90000000000001
10.90000000000001
10.90000000000001
10.90000000000001
10.950000000000008
10.950000000000008
10.950000000000008
10.950000000000008
10.950000000000008
10.950000000000008
10.950000000000008
10.950000000000008
10.950000000000008
10.950000000000008
10.950000000000008
10.950000000000008
11.000000000000009
11.000000000000009
11.000000000000009
11.000000000000009
11.000000000000009
11.000000000000009
11.000000000000009
11.000000000000009
11.000000000000009
11.000000000000009
11.000000000000009
11.000000000000009
11.05000000000001
11.05000000000001
11.05000000000001
11.05000000000001
11.05000000000001
11.05000000000001
11.05000000000001
11.05000000000001
11.05000000000001
11.05000000000001
11.05000000000001
11.05000000000001
11.100000000000009
11.100000000000009
11.100000000000009
11.100000000000009
11.100000000000009
11.100000000000009
11.100000000000009
11.100000000000009
11.100000000000009
11.100000000000009
11.100000000000009
11.15000000000001
11.15000000000001
11.15000000000001
11.15000000000001
11.15000000000001
11.15000000000001
11.15000000000001
11.15000000000001
11.15000000000001
11.15000000000001
11.15000000000001
11.15000000000001
11.20000000000001
11.20000000000001
11.20000000000001
11.20000000000001
11.20000000000001
11.20000000000001
11.20000000000001
11.20000000000001
11.20000000000001
11.20000000000001
11.20000000000001
11.20000000000001
11.250000000000009
11.250000000000009
11.250000000000009
11.250000000000009
11.250000000000009
11.250000000000009
11.250000000000009
11.250000000000009
11.250000000000009
11.250000000000009
11.30000000000001
11.30000000000001
11.30000000000001
11.30000000000001
11.30000000000001
11.30000000000001
11.30000000000001
11.30000000000001
11.350000000000009
11.350000000000009
11.350000000000009
11.350000000000009
11.40000000000001
11.40000000000001
11.40000000000001
11.45000000000001
11.45000000000001
11.45000000000001
11.500000000000009
11.500000000000009
11.500000000000009
11.55000000000001
11.55000000000001
11.55000000000001
11.600000000000009
11.600000000000009
11.65000000000001
11.65000000000001
11.65000000000001
11.70000000000001
11.70000000000001
11.70000000000001
11.750000000000009
11.750000000000009
11.750000000000009
11.80000000000001
11.80000000000001
11.80000000000001
11.85000000000001
11.85000000000001
11.85000000000001
11.90000000000001
11.90000000000001
11.90000000000001
11.95000000000001
11.95000000000001
11.95000000000001
