202.72727272727275
203.22727272727275
200.5
201.0
201.5
202.0
211.5
204.13636363636368
204.63636363636368
205.13636363636368
205.63636363636368
206.13636363636368
206.63636363636368
215.13636363636368
207.7727272727273
208.2727272727273
208.7727272727273
209.2727272727273
209.7727272727273
210.2727272727273
210.7727272727273
211.2727272727273
219.2727272727273
220.2727272727273
211.40909090909093
211.90909090909093
212.40909090909093
212.90909090909093
213.40909090909093
213.90909090909093
214.40909090909093
214.90909090909093
215.40909090909093
215.90909090909093
223.40909090909093
215.04545454545456
215.54545454545456
216.04545454545456
216.54545454545456
217.04545454545456
217.54545454545456
218.04545454545456
218.54545454545456
219.04545454545456
219.54545454545456
220.04545454545456
227.54545454545456
228.04545454545456
218.68181818181822
219.18181818181822
219.68181818181822
220.18181818181822
220.68181818181822
221.18181818181822
221.68181818181822
222.18181818181822
222.68181818181822
223.18181818181822
223.68181818181822
231.18181818181822
221.81818181818187
222.31818181818187
222.81818181818187
223.31818181818187
223.81818181818187
224.31818181818187
224.81818181818187
225.31818181818187
225.81818181818187
226.31818181818187
226.81818181818187
227.31818181818187
225.4545454545455
225.9545454545455
226.4545454545455
226.9545454545455
227.4545454545455
227.9545454545455
228.4545454545455
228.9545454545455
229.4545454545455
229.9545454545455
230.4545454545455
230.9545454545455
231.4545454545455
228.59090909090912
229.09090909090912
229.59090909090912
230.09090909090912
230.59090909090912
231.09090909090912
231.59090909090912
232.09090909090912
232.59090909090912
233.09090909090912
233.59090909090912
234.09090909090912
234.59090909090912
235.09090909090912
232.22727272727278
232.72727272727278
233.22727272727278
233.72727272727278
234.22727272727278
234.72727272727278
235.22727272727278
235.72727272727278
236.22727272727278
236.72727272727278
237.22727272727278
237.72727272727278
238.22727272727278
238.72727272727278
235.3636363636364
235.8636363636364
236.3636363636364
236.8636363636364
237.3636363636364
237.8636363636364
238.3636363636364
238.8636363636364
239.3636363636364
239.8636363636364
240.3636363636364
240.8636363636364
241.3636363636364
241.8636363636364
238.50000000000006
239.00000000000006
239.50000000000006
240.00000000000006
240.50000000000006
241.00000000000006
241.50000000000006
242.00000000000006
242.50000000000006
243.00000000000006
243.50000000000006
244.00000000000006
244.50000000000006
245.00000000000006
245.50000000000006
250.50000000000006
241.6363636363637
242.1363636363637
242.6363636363637
243.1363636363637
243.6363636363637
244.1363636363637
244.6363636363637
245.1363636363637
245.6363636363637
246.1363636363637
246.6363636363637
247.1363636363637
247.6363636363637
248.1363636363637
248.6363636363637
249.1363636363637
244.77272727272734
245.27272727272734
245.77272727272734
246.27272727272734
246.77272727272734
247.27272727272734
247.77272727272734
248.27272727272734
248.77272727272734
249.27272727272734
249.77272727272734
250.27272727272734
250.77272727272734
251.27272727272734
251.77272727272734
252.27272727272734
247.90909090909096
248.40909090909096
248.90909090909096
249.40909090909096
249.90909090909096
250.40909090909096
250.90909090909096
251.40909090909096
251.90909090909096
252.40909090909096
252.90909090909096
253.40909090909096
253.90909090909096
254.40909090909096
254.90909090909096
255.40909090909096
255.90909090909096
251.0454545454546
251.5454545454546
252.0454545454546
252.5454545454546
253.0454545454546
253.5454545454546
254.0454545454546
254.5454545454546
255.0454545454546
255.5454545454546
256.0454545454546
256.5454545454546
257.0454545454546
257.5454545454546
258.0454545454546
258.5454545454546
259.0454545454546
253.68181818181824
254.18181818181824
254.68181818181824
255.18181818181824
255.68181818181824
256.18181818181824
256.68181818181824
257.18181818181824
257.68181818181824
258.18181818181824
258.68181818181824
259.18181818181824
259.68181818181824
260.18181818181824
260.68181818181824
261.18181818181824
261.68181818181824
262.18181818181824
256.81818181818187
257.31818181818187
257.81818181818187
258.31818181818187
258.81818181818187
259.31818181818187
259.81818181818187
260.31818181818187
260.81818181818187
261.31818181818187
261.81818181818187
262.31818181818187
262.81818181818187
263.31818181818187
263.81818181818187
264.31818181818187
264.81818181818187
265.31818181818187
265.81818181818187
259.9545454545455
260.4545454545455
260.9545454545455
261.4545454545455
261.9545454545455
262.4545454545455
262.9545454545455
263.4545454545455
263.9545454545455
264.4545454545455
264.9545454545455
265.4545454545455
265.9545454545455
266.4545454545455
266.9545454545455
267.4545454545455
267.9545454545455
268.4545454545455
268.9545454545455
262.5909090909091
263.0909090909091
263.5909090909091
264.0909090909091
264.5909090909091
265.0909090909091
265.5909090909091
266.0909090909091
266.5909090909091
267.0909090909091
267.5909090909091
268.0909090909091
268.5909090909091
269.0909090909091
269.5909090909091
270.0909090909091
270.5909090909091
271.0909090909091
271.5909090909091
272.0909090909091
265.7272727272728
266.2272727272728
266.7272727272728
267.2272727272728
267.7272727272728
268.2272727272728
268.7272727272728
269.2272727272728
269.7272727272728
270.2272727272728
270.7272727272728
271.2272727272728
271.7272727272728
272.2272727272728
272.7272727272728
273.2272727272728
273.7272727272728
274.2272727272728
274.7272727272728
275.2272727272728
268.36363636363643
268.86363636363643
269.36363636363643
269.86363636363643
270.36363636363643
270.86363636363643
271.36363636363643
271.86363636363643
272.36363636363643
272.86363636363643
273.36363636363643
273.86363636363643
274.36363636363643
274.86363636363643
275.36363636363643
275.86363636363643
276.36363636363643
276.86363636363643
277.36363636363643
277.86363636363643
278.36363636363643
271.00000000000006
271.50000000000006
272.00000000000006
272.50000000000006
273.00000000000006
273.50000000000006
274.00000000000006
274.50000000000006
275.00000000000006
275.50000000000006
276.00000000000006
276.50000000000006
277.00000000000006
277.50000000000006
278.00000000000006
278.50000000000006
279.00000000000006
279.50000000000006
280.00000000000006
280.50000000000006
281.00000000000006
281.50000000000006
274.13636363636374
274.63636363636374
275.13636363636374
275.63636363636374
276.13636363636374
276.63636363636374
277.13636363636374
277.63636363636374
278.13636363636374
278.63636363636374
279.13636363636374
279.63636363636374
280.13636363636374
280.63636363636374
281.13636363636374
281.63636363636374
282.13636363636374
282.63636363636374
283.13636363636374
283.63636363636374
284.13636363636374
284.63636363636374
276.77272727272737
277.27272727272737
277.77272727272737
278.27272727272737
278.77272727272737
279.27272727272737
279.77272727272737
280.27272727272737
280.77272727272737
281.27272727272737
281.77272727272737
282.27272727272737
282.77272727272737
283.27272727272737
283.77272727272737
284.27272727272737
284.77272727272737
285.27272727272737
285.77272727272737
286.27272727272737
286.77272727272737
287.27272727272737
279.409090909091
279.909090909091
280.409090909091
280.909090909091
281.409090909091
281.909090909091
282.409090909091
282.909090909091
283.409090909091
283.909090909091
284.409090909091
284.909090909091
285.409090909091
285.909090909091
286.409090909091
286.909090909091
287.409090909091
287.909090909091
288.409090909091
288.909090909091
289.409090909091
289.909090909091
282.0454545454546
282.5454545454546
283.0454545454546
283.5454545454546
284.0454545454546
284.5454545454546
285.0454545454546
285.5454545454546
286.0454545454546
286.5454545454546
287.0454545454546
287.5454545454546
288.0454545454546
288.5454545454546
289.0454545454546
289.5454545454546
290.0454545454546
290.5454545454546
291.0454545454546
291.5454545454546
292.0454545454546
292.5454545454546
284.68181818181824
285.18181818181824
285.68181818181824
286.18181818181824
286.68181818181824
287.18181818181824
287.68181818181824
288.18181818181824
288.68181818181824
289.18181818181824
289.68181818181824
290.18181818181824
290.68181818181824
291.18181818181824
291.68181818181824
292.18181818181824
292.68181818181824
293.18181818181824
293.68181818181824
294.18181818181824
294.68181818181824
295.18181818181824
287.31818181818187
287.81818181818187
288.31818181818187
288.81818181818187
289.31818181818187
289.81818181818187
290.31818181818187
290.81818181818187
291.31818181818187
291.81818181818187
292.31818181818187
292.81818181818187
293.31818181818187
293.81818181818187
294.31818181818187
294.81818181818187
295.31818181818187
295.81818181818187
296.31818181818187
296.81818181818187
297.31818181818187
297.81818181818187
289.95454545454555
290.45454545454555
290.95454545454555
291.45454545454555
291.95454545454555
292.45454545454555
292.95454545454555
293.45454545454555
293.95454545454555
294.45454545454555
294.95454545454555
295.45454545454555
295.95454545454555
296.45454545454555
296.95454545454555
297.45454545454555
297.95454545454555
292.5909090909091
293.0909090909091
293.5909090909091
294.0909090909091
294.5909090909091
295.0909090909091
295.5909090909091
296.0909090909091
296.5909090909091
297.0909090909091
297.5909090909091
298.0909090909091
298.5909090909091
299.0909090909091
299.5909090909091
300.0909090909091
295.2272727272728
295.7272727272728
296.2272727272728
296.7272727272728
297.2272727272728
297.7272727272728
298.2272727272728
298.7272727272728
299.2272727272728
299.7272727272728
300.2272727272728
300.7272727272728
301.2272727272728
301.7272727272728
302.2272727272728
302.7272727272728
297.8636363636365
298.3636363636365
298.8636363636365
299.3636363636365
299.8636363636365
300.3636363636365
300.8636363636365
301.3636363636365
301.8636363636365
302.3636363636365
302.8636363636365
303.3636363636365
303.8636363636365
304.3636363636365
304.8636363636365
300.5000000000001
301.0000000000001
301.5000000000001
302.0000000000001
302.5000000000001
303.0000000000001
303.5000000000001
304.0000000000001
304.5000000000001
305.0000000000001
305.5000000000001
306.0000000000001
306.5000000000001
307.0000000000001
303.13636363636374
303.63636363636374
304.13636363636374
304.63636363636374
305.13636363636374
305.63636363636374
306.13636363636374
306.63636363636374
307.13636363636374
307.63636363636374
308.13636363636374
308.63636363636374
309.13636363636374
309.63636363636374
305.27272727272737
305.77272727272737
306.27272727272737
306.77272727272737
307.27272727272737
307.77272727272737
308.27272727272737
308.77272727272737
309.27272727272737
309.77272727272737
310.27272727272737
310.77272727272737
311.27272727272737
311.77272727272737
307.909090909091
308.409090909091
308.909090909091
309.409090909091
309.909090909091
310.409090909091
310.909090909091
311.409090909091
311.909090909091
312.409090909091
312.909090909091
313.409090909091
313.909090909091
314.409090909091
310.5454545454547
311.0454545454547
311.5454545454547
312.0454545454547
312.5454545454547
313.0454545454547
313.5454545454547
314.0454545454547
314.5454545454547
315.0454545454547
315.5454545454547
316.0454545454547
316.5454545454547
312.68181818181824
313.18181818181824
313.68181818181824
314.18181818181824
314.68181818181824
315.18181818181824
315.68181818181824
316.18181818181824
316.68181818181824
317.18181818181824
317.68181818181824
318.18181818181824
318.68181818181824
315.3181818181819
315.8181818181819
316.3181818181819
316.8181818181819
317.3181818181819
317.8181818181819
318.3181818181819
318.8181818181819
319.3181818181819
319.8181818181819
320.3181818181819
320.8181818181819
321.3181818181819
317.4545454545456
317.9545454545456
318.4545454545456
318.9545454545456
319.4545454545456
319.9545454545456
320.4545454545456
320.9545454545456
321.4545454545456
321.9545454545456
322.4545454545456
322.9545454545456
323.4545454545456
320.0909090909092
320.5909090909092
321.0909090909092
321.5909090909092
322.0909090909092
322.5909090909092
323.0909090909092
323.5909090909092
324.0909090909092
324.5909090909092
325.0909090909092
325.5909090909092
326.0909090909092
322.22727272727286
322.72727272727286
323.22727272727286
323.72727272727286
324.22727272727286
324.72727272727286
325.22727272727286
325.72727272727286
326.22727272727286
326.72727272727286
327.22727272727286
327.72727272727286
328.22727272727286
328.72727272727286
329.22727272727286
324.8636363636365
325.3636363636365
325.8636363636365
326.3636363636365
326.8636363636365
327.3636363636365
327.8636363636365
328.3636363636365
328.8636363636365
329.3636363636365
329.8636363636365
330.3636363636365
330.8636363636365
331.3636363636365
331.8636363636365
327.0000000000001
327.5000000000001
328.0000000000001
328.5000000000001
329.0000000000001
329.5000000000001
330.0000000000001
330.5000000000001
331.0000000000001
331.5000000000001
332.0000000000001
332.5000000000001
333.0000000000001
333.5000000000001
334.0000000000001
334.5000000000001
335.0000000000001
329.13636363636374
329.63636363636374
330.13636363636374
330.63636363636374
331.13636363636374
331.63636363636374
332.13636363636374
332.63636363636374
333.13636363636374
333.63636363636374
334.13636363636374
334.63636363636374
335.13636363636374
335.63636363636374
336.13636363636374
336.63636363636374
337.13636363636374
337.63636363636374
331.77272727272737
332.27272727272737
332.77272727272737
333.27272727272737
333.77272727272737
334.27272727272737
334.77272727272737
335.27272727272737
335.77272727272737
336.27272727272737
336.77272727272737
337.27272727272737
337.77272727272737
338.27272727272737
338.77272727272737
339.27272727272737
339.77272727272737
340.27272727272737
333.909090909091
334.409090909091
334.909090909091
335.409090909091
335.909090909091
336.409090909091
336.909090909091
337.409090909091
337.909090909091
338.409090909091
338.909090909091
339.409090909091
339.909090909091
340.409090909091
340.909090909091
341.409090909091
341.909090909091
342.409090909091
342.909090909091
336.04545454545473
336.54545454545473
337.04545454545473
337.54545454545473
338.04545454545473
338.54545454545473
339.04545454545473
339.54545454545473
340.04545454545473
340.54545454545473
341.04545454545473
341.54545454545473
342.04545454545473
342.54545454545473
343.04545454545473
343.54545454545473
344.04545454545473
344.54545454545473
345.04545454545473
338.1818181818183
338.6818181818183
339.1818181818183
339.6818181818183
340.1818181818183
340.6818181818183
341.1818181818183
341.6818181818183
342.1818181818183
342.6818181818183
343.1818181818183
343.6818181818183
344.1818181818183
344.6818181818183
345.1818181818183
345.6818181818183
346.1818181818183
346.6818181818183
347.1818181818183
340.818181818182
341.318181818182
341.818181818182
342.318181818182
342.818181818182
343.318181818182
343.818181818182
344.318181818182
344.818181818182
345.318181818182
345.818181818182
346.318181818182
346.818181818182
347.318181818182
347.818181818182
348.318181818182
348.818181818182
349.318181818182
349.818181818182
342.9545454545456
343.4545454545456
343.9545454545456
344.4545454545456
344.9545454545456
345.4545454545456
345.9545454545456
346.4545454545456
346.9545454545456
347.4545454545456
347.9545454545456
348.4545454545456
348.9545454545456
349.4545454545456
349.9545454545456
350.4545454545456
350.9545454545456
351.4545454545456
351.9545454545456
345.09090909090924
345.59090909090924
346.09090909090924
346.59090909090924
347.09090909090924
347.59090909090924
348.09090909090924
348.59090909090924
349.09090909090924
349.59090909090924
350.09090909090924
350.59090909090924
351.09090909090924
351.59090909090924
352.09090909090924
352.59090909090924
353.09090909090924
353.59090909090924
354.09090909090924
347.22727272727286
347.72727272727286
348.22727272727286
348.72727272727286
349.22727272727286
349.72727272727286
350.22727272727286
350.72727272727286
351.22727272727286
351.72727272727286
352.22727272727286
352.72727272727286
353.22727272727286
353.72727272727286
354.22727272727286
354.72727272727286
355.22727272727286
355.72727272727286
356.22727272727286
349.3636363636365
349.8636363636365
350.3636363636365
350.8636363636365
351.3636363636365
351.8636363636365
352.3636363636365
352.8636363636365
353.3636363636365
353.8636363636365
354.3636363636365
354.8636363636365
355.3636363636365
355.8636363636365
356.3636363636365
356.8636363636365
357.3636363636365
357.8636363636365
358.3636363636365
351.5000000000001
352.0000000000001
352.5000000000001
353.0000000000001
353.5000000000001
354.0000000000001
354.5000000000001
355.0000000000001
355.5000000000001
356.0000000000001
356.5000000000001
357.0000000000001
357.5000000000001
358.0000000000001
358.5000000000001
359.0000000000001
359.5000000000001
360.0000000000001
360.5000000000001
353.6363636363638
354.1363636363638
354.6363636363638
355.1363636363638
355.6363636363638
356.1363636363638
356.6363636363638
357.1363636363638
357.6363636363638
358.1363636363638
358.6363636363638
359.1363636363638
359.6363636363638
360.1363636363638
360.6363636363638
361.1363636363638
361.6363636363638
362.1363636363638
355.77272727272737
356.27272727272737
356.77272727272737
357.27272727272737
357.77272727272737
358.27272727272737
358.77272727272737
359.27272727272737
359.77272727272737
360.27272727272737
360.77272727272737
361.27272727272737
361.77272727272737
362.27272727272737
362.77272727272737
363.27272727272737
363.77272727272737
364.27272727272737
357.90909090909105
358.40909090909105
358.90909090909105
359.40909090909105
359.90909090909105
360.40909090909105
360.90909090909105
361.40909090909105
361.90909090909105
362.40909090909105
362.90909090909105
363.40909090909105
363.90909090909105
364.40909090909105
364.90909090909105
365.40909090909105
365.90909090909105
366.40909090909105
360.04545454545473
360.54545454545473
361.04545454545473
361.54545454545473
362.04545454545473
362.54545454545473
363.04545454545473
363.54545454545473
364.04545454545473
364.54545454545473
365.04545454545473
365.54545454545473
366.04545454545473
366.54545454545473
367.04545454545473
367.54545454545473
368.04545454545473
368.54545454545473
362.18181818181836
362.68181818181836
363.18181818181836
363.68181818181836
364.18181818181836
364.68181818181836
365.18181818181836
365.68181818181836
366.18181818181836
366.68181818181836
367.18181818181836
367.68181818181836
368.18181818181836
368.68181818181836
369.18181818181836
369.68181818181836
370.18181818181836
370.68181818181836
364.318181818182
364.818181818182
365.318181818182
365.818181818182
366.318181818182
366.818181818182
367.318181818182
367.818181818182
368.318181818182
368.818181818182
369.318181818182
369.818181818182
370.318181818182
370.818181818182
371.318181818182
371.818181818182
372.318181818182
372.818181818182
366.45454545455186
366.95454545455186
367.4545454545519
367.954545454552
368.454545454552
368.954545454552
369.45454545455203
369.9545454545521
370.4545454545521
370.9545454545521
371.45454545455215
371.9545454545522
372.4545454545522
372.9545454545522
373.45454545455226
373.9545454545523
374.4545454545523
374.9545454545523
368.59090909090924
369.09090909090924
369.59090909090924
370.09090909090924
370.59090909090924
371.09090909090924
371.59090909090924
372.09090909090924
372.59090909090924
373.09090909090924
373.59090909090924
374.09090909090924
374.59090909090924
375.09090909090924
375.59090909090924
376.09090909090924
376.59090909090924
370.7272727272729
371.2272727272729
371.7272727272729
372.2272727272729
372.7272727272729
373.2272727272729
373.7272727272729
374.2272727272729
374.7272727272729
375.2272727272729
375.7272727272729
376.2272727272729
376.7272727272729
377.2272727272729
377.7272727272729
378.2272727272729
372.3636363636365
372.8636363636365
373.3636363636365
373.8636363636365
374.3636363636365
374.8636363636365
375.3636363636365
375.8636363636365
376.3636363636365
376.8636363636365
377.3636363636365
377.8636363636365
374.50000000000017
375.00000000000017
375.50000000000017
376.00000000000017
376.50000000000017
377.00000000000017
376.63636363636385
481.1818181818184
481.6818181818184
482.3181818181821
482.8181818181821
483.3181818181821
483.8181818181821
484.3181818181821
483.9545454545458
484.4545454545458
484.9545454545458
485.4545454545458
485.9545454545458
486.4545454545458
486.9545454545458
487.4545454545458
485.5909090909094
486.0909090909094
486.5909090909094
487.0909090909094
487.5909090909094
488.0909090909094
488.5909090909094
489.0909090909094
489.5909090909094
490.0909090909094
487.22727272727303
487.72727272727303
488.22727272727303
488.72727272727303
489.22727272727303
489.72727272727303
490.22727272727303
490.72727272727303
491.22727272727303
491.72727272727303
492.22727272727303
492.72727272727303
493.22727272727303
488.8636363636367
489.3636363636367
489.8636363636367
490.3636363636367
490.8636363636367
491.3636363636367
491.8636363636367
492.3636363636367
492.8636363636367
493.3636363636367
493.8636363636367
494.3636363636367
494.8636363636367
490.5000000000003
491.0000000000003
491.5000000000003
492.0000000000003
492.5000000000003
493.0000000000003
493.5000000000003
494.0000000000003
494.5000000000003
495.0000000000003
495.5000000000003
496.0000000000003
496.5000000000003
491.63636363636397
492.13636363636397
492.63636363636397
493.13636363636397
493.63636363636397
494.13636363636397
494.63636363636397
495.13636363636397
495.63636363636397
496.13636363636397
496.63636363636397
497.13636363636397
497.63636363636397
498.13636363636397
493.2727272727276
493.7727272727276
494.2727272727276
494.7727272727276
495.2727272727276
495.7727272727276
496.2727272727276
496.7727272727276
497.2727272727276
497.7727272727276
498.2727272727276
498.7727272727276
499.2727272727276
499.7727272727276
494.9090909090912
495.4090909090912
495.9090909090912
496.4090909090912
496.9090909090912
497.4090909090912
497.9090909090912
498.4090909090912
498.9090909090912
499.4090909090912
499.9090909090912
500.4090909090912
500.9090909090912
496.54545454545485
497.04545454545485
497.54545454545485
498.04545454545485
498.54545454545485
499.04545454545485
499.54545454545485
500.04545454545485
500.54545454545485
501.04545454545485
501.54545454545485
502.04545454545485
502.54545454545485
498.18181818181847
498.68181818181847
499.18181818181847
499.68181818181847
500.18181818181847
500.68181818181847
501.18181818181847
501.68181818181847
502.18181818181847
502.68181818181847
503.18181818181847
503.68181818181847
504.18181818181847
499.31818181818215
499.81818181818215
500.31818181818215
500.81818181818215
501.31818181818215
501.81818181818215
502.31818181818215
502.81818181818215
503.31818181818215
503.81818181818215
504.31818181818215
504.81818181818215
505.31818181818215
505.81818181818215
500.9545454545458
501.4545454545458
501.9545454545458
502.4545454545458
502.9545454545458
503.4545454545458
503.9545454545458
504.4545454545458
504.9545454545458
505.4545454545458
505.9545454545458
506.4545454545458
506.9545454545458
502.59090909090946
503.09090909090946
503.59090909090946
504.09090909090946
504.59090909090946
505.09090909090946
505.59090909090946
506.09090909090946
506.59090909090946
507.09090909090946
507.59090909090946
508.09090909090946
508.59090909090946
504.22727272727303
504.72727272727303
505.22727272727303
505.72727272727303
506.22727272727303
506.72727272727303
507.22727272727303
507.72727272727303
508.22727272727303
508.72727272727303
509.22727272727303
509.72727272727303
510.22727272727303
505.36363636363666
505.86363636363666
506.36363636363666
506.86363636363666
507.36363636363666
507.86363636363666
508.36363636363666
508.86363636363666
509.36363636363666
509.86363636363666
510.36363636363666
510.86363636363666
511.36363636363666
511.86363636363666
507.0000000000003
507.5000000000003
508.0000000000003
508.5000000000003
509.0000000000003
509.5000000000003
510.0000000000003
510.5000000000003
511.0000000000003
511.5000000000003
512.0000000000002
512.5000000000002
513.0000000000002
508.63636363636397
509.13636363636397
509.63636363636397
510.13636363636397
510.63636363636397
511.13636363636397
511.63636363636397
512.136363636364
512.636363636364
513.136363636364
513.636363636364
514.136363636364
514.636363636364
509.77272727272765
510.27272727272765
510.77272727272765
511.27272727272765
511.77272727272765
512.2727272727277
512.7727272727277
513.2727272727277
513.7727272727277
514.2727272727277
514.7727272727277
515.2727272727277
515.7727272727277
516.2727272727277
511.4090909090912
511.9090909090912
512.4090909090912
512.9090909090912
513.4090909090912
513.9090909090912
514.4090909090912
514.9090909090912
515.4090909090912
515.9090909090912
516.4090909090912
516.9090909090912
517.4090909090912
513.045454545455
513.545454545455
514.045454545455
514.545454545455
515.045454545455
515.545454545455
516.045454545455
516.545454545455
517.045454545455
517.545454545455
518.045454545455
518.545454545455
519.045454545455
514.6818181818185
515.1818181818185
515.6818181818185
516.1818181818185
516.6818181818185
517.1818181818185
517.6818181818185
518.1818181818185
518.6818181818185
519.1818181818185
519.6818181818185
520.1818181818185
520.6818181818185
515.8181818181822
516.3181818181822
516.8181818181822
517.3181818181822
517.8181818181822
518.3181818181822
518.8181818181822
519.3181818181822
519.8181818181822
520.3181818181822
520.8181818181822
521.3181818181822
521.8181818181822
517.4545454545458
517.9545454545458
518.4545454545458
518.9545454545458
519.4545454545458
519.9545454545458
520.4545454545458
520.9545454545458
521.4545454545458
521.9545454545458
522.4545454545458
522.9545454545458
523.4545454545458
519.0909090909095
519.5909090909095
520.0909090909095
520.5909090909095
521.0909090909095
521.5909090909095
522.0909090909095
522.5909090909095
523.0909090909095
523.5909090909095
524.0909090909095
524.5909090909095
520.2272727272731
520.7272727272731
521.2272727272731
521.7272727272731
522.2272727272731
522.7272727272731
523.2272727272731
523.7272727272731
524.2272727272731
524.7272727272731
525.2272727272731
525.7272727272731
526.2272727272731
521.8636363636367
522.3636363636367
522.8636363636367
523.3636363636367
523.8636363636367
524.3636363636367
524.8636363636367
525.3636363636367
525.8636363636367
526.3636363636367
526.8636363636367
527.3636363636367
527.8636363636367
523.0000000000003
523.5000000000003
524.0000000000003
524.5000000000003
525.0000000000003
525.5000000000003
526.0000000000003
526.5000000000003
527.0000000000003
527.5000000000003
528.0000000000003
528.5000000000003
529.0000000000003
524.636363636364
525.136363636364
525.636363636364
526.136363636364
526.636363636364
527.136363636364
527.636363636364
528.136363636364
528.636363636364
529.136363636364
529.636363636364
530.136363636364
530.636363636364
526.2727272727276
526.7727272727276
527.2727272727276
527.7727272727276
528.2727272727276
528.7727272727276
529.2727272727276
529.7727272727276
530.2727272727276
530.7727272727276
531.2727272727276
531.7727272727276
527.4090909090912
527.9090909090912
528.4090909090912
528.9090909090912
529.4090909090912
529.9090909090912
530.4090909090912
530.9090909090912
531.4090909090912
531.9090909090912
532.4090909090912
532.9090909090912
533.4090909090912
529.045454545455
529.545454545455
530.045454545455
530.545454545455
531.045454545455
531.545454545455
532.045454545455
532.545454545455
533.045454545455
533.545454545455
534.045454545455
534.545454545455
535.045454545455
530.1818181818185
530.6818181818185
531.1818181818185
531.6818181818185
532.1818181818185
532.6818181818185
533.1818181818185
533.6818181818185
534.1818181818185
534.6818181818185
535.1818181818185
535.6818181818185
536.1818181818185
531.8181818181822
532.3181818181822
532.8181818181822
533.3181818181822
533.8181818181822
534.3181818181822
534.8181818181822
535.3181818181822
535.8181818181822
536.3181818181822
536.8181818181822
537.3181818181822
537.8181818181822
533.4545454545458
533.9545454545458
534.4545454545458
534.9545454545458
535.4545454545458
535.9545454545458
536.4545454545458
536.9545454545458
537.4545454545458
537.9545454545458
538.4545454545458
538.9545454545458
534.5909090909095
535.0909090909095
535.5909090909095
536.0909090909095
536.5909090909095
537.0909090909095
537.5909090909095
538.0909090909095
538.5909090909095
539.0909090909095
539.5909090909095
540.0909090909095
540.5909090909095
536.2272727272731
536.7272727272731
537.2272727272731
537.7272727272731
538.2272727272731
538.7272727272731
539.2272727272731
539.7272727272731
540.2272727272731
540.7272727272731
541.2272727272731
541.7272727272731
537.3636363636367
537.8636363636367
538.3636363636367
538.8636363636367
539.3636363636367
539.8636363636367
540.3636363636367
540.8636363636367
541.3636363636367
541.8636363636367
542.3636363636367
542.8636363636367
543.3636363636367
539.0000000000005
539.5000000000005
540.0000000000005
540.5000000000005
541.0000000000005
541.5000000000005
542.0000000000005
542.5000000000005
543.0000000000005
543.5000000000005
544.0000000000005
544.5000000000005
540.136363636364
540.636363636364
541.136363636364
541.636363636364
542.136363636364
542.636363636364
543.136363636364
543.636363636364
544.136363636364
544.636363636364
545.136363636364
545.636363636364
546.136363636364
541.7727272727277
542.2727272727277
542.7727272727277
543.2727272727277
543.7727272727277
544.2727272727277
544.7727272727277
545.2727272727277
545.7727272727277
546.2727272727277
546.7727272727277
547.2727272727277
542.9090909090912
543.4090909090912
543.9090909090912
544.4090909090912
544.9090909090912
545.4090909090912
545.9090909090912
546.4090909090912
546.9090909090912
547.4090909090912
547.9090909090912
548.4090909090912
548.9090909090912
544.545454545455
545.045454545455
545.545454545455
546.045454545455
546.545454545455
547.045454545455
547.545454545455
548.045454545455
548.545454545455
549.045454545455
549.545454545455
550.045454545455
545.6818181818185
546.1818181818185
546.6818181818185
547.1818181818185
547.6818181818185
548.1818181818185
548.6818181818185
549.1818181818185
549.6818181818185
550.1818181818185
550.6818181818185
551.1818181818185
551.6818181818185
547.3181818181822
547.8181818181822
548.3181818181822
548.8181818181822
549.3181818181822
549.8181818181822
550.3181818181822
550.8181818181822
551.3181818181822
551.8181818181822
552.3181818181822
552.8181818181822
548.4545454545458
548.9545454545458
549.4545454545458
549.9545454545458
550.4545454545458
550.9545454545458
551.4545454545458
551.9545454545458
552.4545454545458
552.9545454545458
553.4545454545458
553.9545454545458
554.4545454545458
550.0909090909095
550.5909090909095
551.0909090909095
551.5909090909095
552.0909090909095
552.5909090909095
553.0909090909095
553.5909090909095
554.0909090909095
554.5909090909095
555.0909090909095
555.5909090909095
551.2272727272732
551.7272727272732
552.2272727272732
552.7272727272732
553.2272727272732
553.7272727272732
554.2272727272732
554.7272727272732
555.2272727272732
555.7272727272732
556.2272727272732
556.7272727272732
557.2272727272732
552.8636363636367
553.3636363636367
553.8636363636367
554.3636363636367
554.8636363636367
555.3636363636367
555.8636363636367
556.3636363636367
556.8636363636367
557.3636363636367
557.8636363636367
558.3636363636367
554.0000000000005
554.5000000000005
555.0000000000005
555.5000000000005
556.0000000000005
556.5000000000005
557.0000000000005
557.5000000000005
558.0000000000005
558.5000000000005
559.0000000000005
559.5000000000005
555.6363636363641
556.1363636363641
556.6363636363641
557.1363636363641
557.6363636363641
558.1363636363641
558.6363636363641
559.1363636363641
559.6363636363641
560.1363636363641
560.6363636363641
561.1363636363641
556.7727272727277
557.2727272727277
557.7727272727277
558.2727272727277
558.7727272727277
559.2727272727277
559.7727272727277
560.2727272727277
560.7727272727277
561.2727272727277
561.7727272727277
562.2727272727277
558.4090909090913
558.9090909090913
559.4090909090913
559.9090909090913
560.4090909090913
560.9090909090913
561.4090909090913
561.9090909090913
562.4090909090913
562.9090909090913
563.4090909090913
563.9090909090913
559.545454545455
560.045454545455
560.545454545455
561.045454545455
561.545454545455
562.045454545455
562.545454545455
563.045454545455
563.545454545455
564.045454545455
564.545454545455
565.045454545455
561.1818181818186
561.6818181818186
562.1818181818186
562.6818181818186
563.1818181818186
563.6818181818186
564.1818181818186
564.6818181818186
565.1818181818186
565.6818181818186
566.1818181818186
566.6818181818186
562.3181818181822
562.8181818181822
563.3181818181822
563.8181818181822
564.3181818181822
564.8181818181822
565.3181818181822
565.8181818181822
566.3181818181822
566.8181818181822
567.3181818181822
567.8181818181822
563.4545454545458
563.9545454545458
564.4545454545458
564.9545454545458
565.4545454545458
565.9545454545458
566.4545454545458
566.9545454545458
567.4545454545458
567.9545454545458
568.4545454545458
568.9545454545458
565.0909090909095
565.5909090909095
566.0909090909095
566.5909090909095
567.0909090909095
567.5909090909095
568.0909090909095
568.5909090909095
569.0909090909095
569.5909090909095
570.0909090909095
570.5909090909095
566.2272727272731
566.7272727272731
567.2272727272731
567.7272727272731
568.2272727272731
568.7272727272731
569.2272727272731
569.7272727272731
570.2272727272731
570.7272727272731
571.2272727272731
571.7272727272731
567.8636363636367
568.3636363636367
568.8636363636367
569.3636363636367
569.8636363636367
570.3636363636367
570.8636363636367
571.3636363636367
571.8636363636367
572.3636363636367
572.8636363636367
569.0000000000005
569.5000000000005
570.0000000000005
570.5000000000005
571.0000000000005
571.5000000000005
572.0000000000005
572.5000000000005
573.0000000000005
573.5000000000005
574.0000000000005
574.5000000000005
570.1363636363641
570.6363636363641
571.1363636363641
571.6363636363641
572.1363636363641
572.6363636363641
573.1363636363641
573.6363636363641
574.1363636363641
574.6363636363641
575.1363636363641
575.6363636363641
571.7727272727277
572.2727272727277
572.7727272727277
573.2727272727277
573.7727272727277
574.2727272727277
574.7727272727277
575.2727272727277
575.7727272727277
576.2727272727277
576.7727272727277
577.2727272727277
572.9090909090913
573.4090909090913
573.9090909090913
574.4090909090913
574.9090909090913
575.4090909090913
575.9090909090913
576.4090909090913
576.9090909090913
577.4090909090913
577.9090909090913
578.4090909090913
574.545454545455
575.045454545455
575.545454545455
576.045454545455
576.545454545455
577.045454545455
577.545454545455
578.045454545455
578.545454545455
579.045454545455
579.545454545455
575.6818181818186
576.1818181818186
576.6818181818186
577.1818181818186
577.6818181818186
578.1818181818186
578.6818181818186
579.1818181818186
579.6818181818186
580.1818181818186
580.6818181818186
581.1818181818186
576.8181818181823
577.3181818181823
577.8181818181823
578.3181818181823
578.8181818181823
579.3181818181823
579.8181818181823
580.3181818181823
580.8181818181823
581.3181818181823
581.8181818181823
582.3181818181823
578.9545454545458
579.4545454545458
579.9545454545458
580.4545454545458
580.9545454545458
581.4545454545458
581.9545454545458
582.4545454545458
582.9545454545458
583.4545454545458
581.5909090909096
582.0909090909096
582.5909090909096
583.0909090909096
583.5909090909096
584.0909090909096
584.5909090909096
585.0909090909096
584.7272727272731
585.2272727272731
585.7272727272731
586.2272727272731
586.3636363636368
586.8636363636368
587.3636363636368
588.0000000000005
588.5000000000005
589.0000000000005
589.1363636363641
589.6363636363641
590.1363636363641
590.2727272727277
590.7727272727277
591.2727272727277
591.9090909090913
592.4090909090913
593.045454545455
593.545454545455
594.045454545455
594.1818181818187
594.6818181818187
595.1818181818187
595.3181818181822
595.8181818181822
596.3181818181822
596.954545454546
597.454545454546
597.954545454546
598.0909090909096
598.5909090909096
599.0909090909096
599.2272727272732
599.7272727272732
600.2272727272732
600.3636363636368
600.8636363636368
601.3636363636368
