-2.384185791015625e-07
0.0
0.0
0.0
0.0
-309.5898241996765
-212.18195581436157
-2.384185791015625e-07
-379.78609108924866
-296.85283279418945
-186.6072838306427
-286.8699164390564
-458.91960167884827
-427.04052114486694
-314.3883376121521
-320.3761043548584
-279.16248512268066
-266.9703998565674
-565.9150531291962
-413.058443069458
-364.0010516643524
-434.80656480789185
-230.61725664138794
-250.8143002986908
-315.55444502830505
-529.0380572080612
-444.3408099412918
-462.73803424835205
-296.65508794784546
-314.44501781463623
-279.7992765903473
-367.36331939697266
-323.4424636363983
-364.28819394111633
-401.3612732887268
-394.2957618236542
-257.282790184021
0.0
-368.03010630607605
2.384185791015625e-07
-453.78465938568115
-1226.5191884040833
-1066.360020160675
-816.7353799343109
-681.042398929596
-533.996654510498
-698.8874387741089
-551.7899332046509
-448.2398121356964
-467.6377384662628
-341.9070519208908
-357.64506912231445
-2.384185791015625e-07
-1459.6198550462723
-1429.0241918563843
-921.4410920143127
-1071.2815589904785
-944.56902384758
-759.9060961008072
-570.4030750989914
-564.0207176208496
-611.8159503936768
-514.0337082147598
-1.1920928955078125e-07
-1839.4968646764755
-1432.4213069677353
-1403.3609281778336
-918.86620926857
-1086.0580483675003
-917.374755859375
-795.2218563556671
-700.7549279928207
-582.232662320137
-2080.5315561294556
-1181.661694407463
-1259.4460954666138
-924.5079380273819
-774.4817090034485
-984.8326082229614
-820.1476194858551
-3508.4330602884293
-2940.8657915592194
-2247.411540389061
-2019.4508332014084
-1343.2671072483063
-1472.662796139717
-930.4865146875381
0.0
-1.1920928955078125e-07
-2464.6319756507874
-2092.58041036129
-1512.975101351738
-1.1920928955078125e-07
-2.384185791015625e-07
0.0
-1.1920928955078125e-07
0.0
0.0
0.0
-1.1920928955078125e-07
0.0
0.0
-2451.191181063652
0.0
2.384185791015625e-07
-2.384185791015625e-07
1.1920928955078125e-07
0.0
-1.1920928955078125e-07
-2.384185791015625e-07
-2430.752226471901
-1961.9481819868088
-1455.3082575798035
-1226.3068405389786
-1224.105241060257
-1289.7633200883865
-868.6850574016571
-16309.348031282425
-2.384185791015625e-07
0.0
2.384185791015625e-07
1.1920928955078125e-07
0.0
-4056.5495793819427
-1.1920928955078125e-07
0.0
-1.1920928955078125e-07
-2077.406487941742
1.1920928955078125e-07
-1459.8222980499268
1.1920928955078125e-07
-1132.4391230344772
-1097.103607416153
-1.1920928955078125e-07
-1.1920928955078125e-07
-1.1920928955078125e-07
-1.1920928955078125e-07
-1.1920928955078125e-07
-1.1920928955078125e-07
-17013.28631544113
-1.1920928955078125e-07
-2.384185791015625e-07
-1.1920928955078125e-07
-1.1920928955078125e-07
0.0
-2.384185791015625e-07
-1.1920928955078125e-07
-1.1920928955078125e-07
-1.1920928955078125e-07
-1.1920928955078125e-07
-2074.254732131958
0.0
0.0
-1287.9047737121582
-1195.257702946663
0.0
2.384185791015625e-07
0.0
-1.1920928955078125e-07
0.0
0.0
0.0
0.0
-1.1920928955078125e-07
-2.384185791015625e-07
0.0
1.1920928955078125e-07
-580.2925523519516
-18722.047433376312
-3.5762786865234375e-07
0.0
1.1920928955078125e-07
-2.384185791015625e-07
-1.1920928955078125e-07
0.0
0.0
-3709.8900122642517
-1.1920928955078125e-07
-3.5762786865234375e-07
0.0
1.1920928955078125e-07
-2.384185791015625e-07
-1583.5923429727554
-1.1920928955078125e-07
0.0
1.1920928955078125e-07
-2.384185791015625e-07
0.0
2.384185791015625e-07
-1.1920928955078125e-07
0.0
-1.1920928955078125e-07
-1.1920928955078125e-07
-2.384185791015625e-07
-1.1920928955078125e-07
-1.1920928955078125e-07
-2.384185791015625e-07
-2.384185791015625e-07
1.1920928955078125e-07
0.0
0.0
1.1920928955078125e-07
1.1920928955078125e-07
0.0
0.0
-1.1920928955078125e-07
-5582.196900129318
-1.1920928955078125e-07
0.0
-1.1920928955078125e-07
-1.1920928955078125e-07
0.0
0.0
-1577.6433190107346
-1476.2189594507217
-2.384185791015625e-07
-2.384185791015625e-07
0.0
0.0
-2.384185791015625e-07
-1.1920928955078125e-07
-2.384185791015625e-07
-1.1920928955078125e-07
2.384185791015625e-07
-1.1920928955078125e-07
-1.1920928955078125e-07
-1.1920928955078125e-07
0.0
-660.7942980527878
-1.1920928955078125e-07
-1.1920928955078125e-07
-3.5762786865234375e-07
1.1920928955078125e-07
-1.1920928955078125e-07
-1.1920928955078125e-07
2.384185791015625e-07
0.0
0.0
1.1920928955078125e-07
-4271.116632580757
-3981.475692510605
-3124.8258007764816
-2536.0239951610565
-2415.087960124016
-1813.7793591022491
-1501.1491097211838
1.1920928955078125e-07
0.0
-1.1920928955078125e-07
-1.1920928955078125e-07
0.0
0.0
-1.1920928955078125e-07
-1.1920928955078125e-07
-1.1920928955078125e-07
-1.1920928955078125e-07
0.0
0.0
1.1920928955078125e-07
-1.1920928955078125e-07
0.0
-2.384185791015625e-07
2.384185791015625e-07
2.384185791015625e-07
0.0
2.384185791015625e-07
2.384185791015625e-07
-1.1920928955078125e-07
-1.1920928955078125e-07
-5024.025858283043
-4657.776666760445
-3377.9340183734894
-3187.0206240415573
-2571.4812808036804
-2077.1106898784637
-1837.690140247345
-2087.7917125225067
0.0
-680.755588889122
-521.5199466943741
-684.0210596323013
-556.0043157339096
-714.7429592609406
-656.9053452014923
-2.384185791015625e-07
0.0
-444.2397907972336
-450.3461312055588
-470.60585045814514
1.1920928955078125e-07
2.384185791015625e-07
1.1920928955078125e-07
0.0
1.1920928955078125e-07
-1.1920928955078125e-07
-1.1920928955078125e-07
-2.384185791015625e-07
-1.1920928955078125e-07
-5098.3511728048325
-4302.54436981678
-3246.325956463814
-3173.139298915863
-2671.281245470047
-2050.1305879354477
-1674.8898335695267
-2052.523890852928
-781.5250253677368
-637.3590517044067
-668.3590160608292
-561.1295880079269
-464.8444765806198
-421.599222779274
-480.5710518360138
-479.1252911090851
1.1920928955078125e-07
1.1920928955078125e-07
1.1920928955078125e-07
-1.1920928955078125e-07
1.1920928955078125e-07
-1.1920928955078125e-07
0.0
2.384185791015625e-07
-6155.530736327171
-5846.113128900528
-4798.264607667923
-3656.783033967018
0.0
2.384185791015625e-07
-2688.716217160225
-1929.3317106962204
-1.1920928955078125e-07
-546.9656140804291
-1.1920928955078125e-07
2.384185791015625e-07
1.1920928955078125e-07
0.0
5.960464477539062e-07
1.1920928955078125e-07
0.0
0.0
-1.1920928955078125e-07
-1.1920928955078125e-07
-14900.50248503685
0.0
-10400.879472374916
-8721.562587499619
-7100.672868132591
-6359.482710003853
-5272.2690217494965
-4044.335067510605
-3873.9018795490265
0.0
0.0
-1.1920928955078125e-07
0.0
0.0
-166752.855563879
-142844.4364928007
-124046.10390722752
-105877.40342509747
-90177.09939539433
-76657.10616874695
-65057.541530132294
-55068.2676769495
-46418.809002161026
-39097.37247419357
0.0
-1.1920928955078125e-07
1.1920928955078125e-07
-2.384185791015625e-07
-16168.365456938744
1.1920928955078125e-07
-1.1920928955078125e-07
-9622.925059199333
-7557.938408493996
-6926.748673558235
-5213.337035655975
-4695.850337147713
-4049.5025659799576
1.1920928955078125e-07
-1.1920928955078125e-07
0.0
-1.1920928955078125e-07
-1.1920928955078125e-07
0.0
-196901.5046365261
-170478.04576206207
1.1920928955078125e-07
1.1920928955078125e-07
-106676.24009931087
-92814.65165066719
-79249.67225408554
-67452.55465459824
-57441.24734735489
-48759.69136297703
0.0
1.1920928955078125e-07
1.1920928955078125e-07
0.0
0.0
-17482.26099228859
1.1920928955078125e-07
0.0
1.1920928955078125e-07
-9117.199230670929
-6995.044727325439
-6406.215041518211
-4991.743750333786
-4517.479800105095
-1.1920928955078125e-07
-2.384185791015625e-07
1.1920928955078125e-07
-1.1920928955078125e-07
-2016.1569466590881
-1988.402266383171
-263518.8362890482
-230103.1608862877
-200620.85995268822
0.0
1.1920928955078125e-07
1.1920928955078125e-07
-112232.56329977512
-93905.8976765871
-81871.94525241852
-70076.86508119106
-59880.18764460087
0.0
0.0
1.1920928955078125e-07
1.1920928955078125e-07
1.1920928955078125e-07
0.0
2.384185791015625e-07
-15914.199606537819
-1.1920928955078125e-07
0.0
0.0
-8092.153964042664
-7068.372749447823
-5670.550506353378
-1.1920928955078125e-07
1.1920928955078125e-07
0.0
0.0
-3052.897695183754
-2272.6406792402267
-2140.2094811201096
-297273.98703563213
-261122.62358021736
-228849.30266678333
0.0
4.76837158203125e-07
0.0
2.384185791015625e-07
-114297.32170939445
-97244.51547646523
-82938.11962461472
0.0
3.5762786865234375e-07
0.0
-1.1920928955078125e-07
-1.1920928955078125e-07
0.0
-1.1920928955078125e-07
0.0
1.1920928955078125e-07
0.0
1.1920928955078125e-07
0.0
0.0
-1.1920928955078125e-07
-8022.365782022476
-1.1920928955078125e-07
0.0
2.384185791015625e-07
-1.1920928955078125e-07
-3752.9271651506424
-3419.4484503269196
-2634.6101969480515
-1.1920928955078125e-07
-2136.9828292131424
-2277.617109298706
-336207.2333290577
-297029.8694640398
-261843.55559778214
-1.1920928955078125e-07
0.0
0.0
2.384185791015625e-07
1.1920928955078125e-07
-116039.04548239708
-101649.20570778847
-1.1920928955078125e-07
-73706.7085056305
-64940.83816921711
-1.1920928955078125e-07
1.1920928955078125e-07
0.0
1.1920928955078125e-07
2.384185791015625e-07
-3.5762786865234375e-07
-1.1920928955078125e-07
2.384185791015625e-07
1.1920928955078125e-07
0.0
-1.1920928955078125e-07
-1.1920928955078125e-07
-8761.643961906433
1.1920928955078125e-07
-6155.973245859146
-5642.371522784233
-1.1920928955078125e-07
-1.1920928955078125e-07
-3822.809408903122
-2889.984586596489
-2521.1074097156525
-2337.594134569168
-2146.950525045395
0.0
-377737.86245572567
-335520.00677120686
-297397.48857569695
0.0
0.0
1.1920928955078125e-07
1.1920928955078125e-07
0.0
0.0
0.0
-103898.04639875889
-91251.31258499622
-76791.8538929224
-67628.5189344883
0.0
-1.1920928955078125e-07
1.1920928955078125e-07
1.1920928955078125e-07
0.0
0.0
0.0
-1.1920928955078125e-07
-1.1920928955078125e-07
1.1920928955078125e-07
-12589.32731294632
-10256.463029265404
-8946.690765738487
-8065.261798381805
-6834.943978667259
-6099.2659866809845
-4997.731251478195
-1.1920928955078125e-07
0.0
-3176.0361371040344
-2828.6524138450623
-2398.9037368297577
-2371.023424267769
-2572.0026668310165
0.0
2.384185791015625e-07
-376536.4303597212
2.384185791015625e-07
2.384185791015625e-07
-1.1920928955078125e-07
-1.1920928955078125e-07
3.5762786865234375e-07
1.1920928955078125e-07
2.384185791015625e-07
-1.1920928955078125e-07
-122670.25343513489
-106278.02526140213
-93455.37170159817
-80203.11726391315
-68740.40154969692
-60988.818175673485
0.0
0.0
0.0
-2.384185791015625e-07
1.1920928955078125e-07
0.0
0.0
-18436.53616273403
-15878.236459612846
-13767.081996440887
-11177.222062945366
-9917.432731866837
-8927.722264051437
-7111.260654211044
-6643.367781758308
-5556.927317619324
-1.1920928955078125e-07
-1.1920928955078125e-07
-3583.262626886368
-3050.6080659627914
-2710.6724195480347
-2866.944283723831
-2349.7301100492477
1.5497207641601562e-06
1.1920928955078125e-07
2.384185791015625e-07
-419861.34012651443
3.5762786865234375e-07
2.384185791015625e-07
0.0
1.1920928955078125e-07
-1.1920928955078125e-07
0.0
2.384185791015625e-07
2.384185791015625e-07
-143639.15220963955
-126109.40643024445
-112280.64486455917
-95674.79880297184
-84927.16145789623
-72085.90223908424
-63828.18209528923
-55327.524320960045
-48022.71111738682
0.0
0.0
0.0
0.0
0.0
-19885.088613152504
-17111.514252781868
-14910.3744276762
-12130.473212480545
-10651.045694589615
-9132.44059085846
-7695.984544754028
-7240.10313808918
0.0
0.0
1.1920928955078125e-07
-1.1920928955078125e-07
1.1920928955078125e-07
1.1920928955078125e-07
-3152.2555655241013
-2367.598254919052
-2845.1836663484573
1.7881393432617188e-06
1.1920928955078125e-07
2.384185791015625e-07
1.1920928955078125e-07
1.1920928955078125e-07
1.1920928955078125e-07
2.384185791015625e-07
2.384185791015625e-07
1.1920928955078125e-07
2.384185791015625e-07
3.5762786865234375e-07
0.0
1.1920928955078125e-07
-147119.04799056053
-129560.15810608864
-113861.49085307121
-100953.52159845829
-87214.55673921108
-75385.47141420841
-65218.75758385658
-58026.1580221653
-50521.145084142685
-43940.087676644325
-38162.20523118973
-1.1920928955078125e-07
1.1920928955078125e-07
-24717.13143157959
0.0
0.0
0.0
2.384185791015625e-07
1.1920928955078125e-07
0.0
-1.1920928955078125e-07
2.384185791015625e-07
-1.1920928955078125e-07
1.1920928955078125e-07
1.1920928955078125e-07
-2.384185791015625e-07
0.0
-3869.790829181671
-3464.9255981445312
-2835.7470710277557
-2542.8352843523026
2.384185791015625e-07
1.6689300537109375e-06
0.0
0.0
5.960464477539062e-07
2.384185791015625e-07
5.960464477539062e-07
2.384185791015625e-07
0.0
1.1920928955078125e-07
-268545.5474039316
-239561.33947706223
-216003.19687855244
0.0
0.0
-150797.10104620457
-133186.37774193287
-117443.68928205967
-104852.10473120213
-90534.35866522789
-79824.66062021255
-68493.61447417736
-61118.68399095535
-53127.80692446232
-46332.69674193859
-40465.79002904892
0.0
0.0
-1.1920928955078125e-07
1.1920928955078125e-07
0.0
2.384185791015625e-07
0.0
-1.1920928955078125e-07
1.1920928955078125e-07
2.384185791015625e-07
1.1920928955078125e-07
1.1920928955078125e-07
-2.384185791015625e-07
-6106.2241563797
-4877.1081820726395
-4202.179325342178
-4189.553689360619
-3798.5226064920425
-2901.597949743271
-2841.5574667453766
-3067.9765622615814
4.76837158203125e-07
3.5762786865234375e-07
1.6689300537109375e-06
0.0
1.1920928955078125e-07
1.1920928955078125e-07
1.1920928955078125e-07
7.152557373046875e-07
1.1920928955078125e-07
2.384185791015625e-07
-337719.7326706648
-303293.8874013424
-271825.68505465984
-242954.87505614758
-216935.31763744354
0.0
0.0
-154753.731225729
-137112.94516706467
-121237.95381247997
-107000.31720733643
-95402.92474532127
-82860.35555100441
-71928.70858120918
-62564.03579771519
-55991.802661418915
-48930.17142236233
1.1920928955078125e-07
2.384185791015625e-07
0.0
1.1920928955078125e-07
-2.384185791015625e-07
2.384185791015625e-07
0.0
1.1920928955078125e-07
1.1920928955078125e-07
0.0
0.0
1.1920928955078125e-07
1.1920928955078125e-07
0.0
-6649.969149708748
-5434.172191023827
-4685.128483533859
-4613.1085793972015
-4170.937710523605
-3421.2953691482544
-3263.0368963479996
-3349.090880870819
1.1920928955078125e-07
3.5762786865234375e-07
1.7881393432617188e-06
2.384185791015625e-07
4.76837158203125e-07
1.1920928955078125e-07
2.384185791015625e-07
8.344650268554688e-07
1.1920928955078125e-07
1.1920928955078125e-07
-376713.78996014595
-340134.99747383595
-306578.25823938847
-275455.8757824898
-246937.86921536922
-221039.95589721203
2.384185791015625e-07
3.5762786865234375e-07
-158947.05049026012
-141243.8631466627
-125269.80544114113
-110914.70724117756
-99839.33292388916
-85519.24267327785
-76605.56090509892
-66066.50061881542
-57372.494279146194
-51699.38754045963
-45345.95824384689
-39758.66355073452
-34823.352234601974
-30456.50330746174
1.1920928955078125e-07
-23215.035621881485
-20316.443413376808
-17973.264236569405
-15871.228752493858
-13155.762301206589
0.0
-1.1920928955078125e-07
0.0
-1.1920928955078125e-07
0.0
1.1920928955078125e-07
-5177.775611281395
-5167.8426114320755
-4546.94937813282
-4142.593207120895
-3552.202028274536
5.960464477539062e-07
8.344650268554688e-07
1.9073486328125e-06
1.7881393432617188e-06
3.5762786865234375e-07
4.76837158203125e-07
1.1920928955078125e-07
2.384185791015625e-07
7.152557373046875e-07
-1.1920928955078125e-07
-460478.78116714954
-418095.0383236408
-379021.2925451994
-343048.7030316591
-309973.3865761757
-279553.8918850422
-251329.01032054424
-225481.0121293068
-201778.07743144035
0.0
-163540.45741689205
-145661.19158399105
-129552.56191623211
-115029.89745509624
-101963.01870286465
-91326.97489345074
-79867.13214325905
-71386.97206497192
-60876.8852366209
-54825.04235339165
-48034.35029411316
-42216.51448273659
-37127.084993600845
-32587.48930132389
-28565.338668465614
-25004.721078038216
-21968.02870440483
-19420.69871354103
0.0
0.0
-1.1920928955078125e-07
0.0
2.384185791015625e-07
0.0
0.0
0.0
-2.384185791015625e-07
-5682.765981554985
-4989.461334824562
-4570.467649102211
-3576.7387379407883
-3527.838877558708
2.384185791015625e-07
4.76837158203125e-07
5.960464477539062e-07
2.0265579223632812e-06
1.3113021850585938e-06
2.384185791015625e-07
4.76837158203125e-07
2.384185791015625e-07
4.76837158203125e-07
9.5367431640625e-07
-555055.374765873
-506620.1431468725
-461738.2852599621
-420212.19839036465
-382008.2171100378
-346560.6151188612
-313895.07876753807
-283834.45581305027
-256132.59577465057
0.0
-168290.42196261883
-150458.47765731812
-134100.83526742458
-119426.10024487972
-106149.95206356049
-95957.03632819653
-83013.60281121731
-74541.98756551743
-64458.36842608452
-56333.05244636536
-51063.158136725426
-44877.46139538288
-39519.00120460987
-34859.30628120899
-30645.490743398666
-26928.693253993988
0.0
-1.1920928955078125e-07
1.1920928955078125e-07
-2.384185791015625e-07
-1.1920928955078125e-07
-1.1920928955078125e-07
0.0
0.0
1.1920928955078125e-07
0.0
0.0
1.1920928955078125e-07
-5475.2384160757065
-4997.225993275642
-3955.7617622613907
-3936.693630695343
5.960464477539062e-07
2.384185791015625e-07
2.384185791015625e-07
1.6689300537109375e-06
1.1920928955078125e-07
4.76837158203125e-07
4.76837158203125e-07
2.384185791015625e-07
9.5367431640625e-07
-661547.2413942814
-606637.4786043167
-555580.4243191481
-508158.30405318737
-464140.79738771915
-423331.01354777813
-385527.494733572
-350576.8418883085
-318370.0068539381
-288565.4524178505
-139021.1670563221
-124042.60293757915
-110610.07565677166
-98394.68217110634
-88660.99626898766
-77521.76382088661
-69693.80141174793
-59908.722494244576
-54210.412563443184
-47753.34948992729
-42156.783791303635
-37190.64137649536
-32880.609989762306
-28988.994713544846
-25516.51257479191
2.384185791015625e-07
0.0
0.0
0.0
-1.1920928955078125e-07
1.1920928955078125e-07
0.0
0.0
-1.1920928955078125e-07
1.1920928955078125e-07
1.1920928955078125e-07
-6177.642668843269
-5430.03120970726
-4997.889748215675
-4346.40296292305
2.980232238769531e-07
8.344650268554688e-07
1.1920928955078125e-06
2.0265579223632812e-06
2.2649765014648438e-06
1.1920928955078125e-07
5.960464477539062e-07
4.76837158203125e-07
1.1920928955078125e-07
-779828.1447447538
-718299.6899106503
-660838.3832796812
-607213.1625497341
-557214.8884581327
-510667.4859831333
-467396.31023716927
-427201.89196908474
-389904.9472318888
-355332.770252347
-323339.99781906605
-115354.11752128601
-102961.19910991192
-93392.39774608612
-81099.5898014307
-73313.39937627316
-63675.26685678959
-56035.57168543339
-50906.956493377686
-44985.46211016178
-39811.37215387821
-35186.53141605854
-31190.02241754532
-27543.87149953842
-24438.685854315758
-1.1920928955078125e-07
1.1920928955078125e-07
0.0
-1.1920928955078125e-07
0.0
0.0
0.0
-1.1920928955078125e-07
0.0
0.0
-6812.790792346001
-5984.006534576416
-5399.77962577343
-4366.813149809837
1.1920928955078125e-07
0.0
4.172325134277344e-07
3.5762786865234375e-07
2.2649765014648438e-06
1.5497207641601562e-06
4.76837158203125e-07
3.5762786865234375e-07
5.960464477539062e-07
-910078.889859438
-841674.2064626217
-777599.7674002647
-717594.1474072933
-661456.1557574272
-608980.5326411724
-559955.811218977
-514206.15779984
-471543.9827193022
-431874.11375558376
-394981.1965318918
-96305.192882061
-87297.00051188469
-76405.3761973381
-69168.36273121834
-59729.87871360779
-54407.74932014942
-48045.63854146004
-42603.713945388794
-37776.46330046654
-33488.40272414684
-29701.26319527626
-26333.98296737671
-23554.19282603264
-1.1920928955078125e-07
1.1920928955078125e-07
0.0
1.1920928955078125e-07
2.384185791015625e-07
0.0
-1.1920928955078125e-07
-1.1920928955078125e-07
1.1920928955078125e-07
1.1920928955078125e-07
0.0
-5971.224124908447
-5428.040933966637
-4838.95690536499
5.960464477539062e-07
2.980232238769531e-07
6.556510925292969e-07
1.3113021850585938e-06
2.384185791015625e-07
2.205371856689453e-06
2.384185791015625e-07
5.960464477539062e-07
7.152557373046875e-07
-1052458.4700912237
-977003.3595286608
-906088.8166466951
-839510.4157363176
-777025.1917454004
-718361.068287015
-663396.9431074858
-611908.256837368
-563725.9791476727
-518673.8033297062
-476604.2096210718
-437358.31778883934
-101160.76011931896
-92299.02822196484
-80254.76119983196
-72323.02946615219
-63743.13005876541
-56385.36397445202
-51535.324583768845
-45679.283177137375
-40546.83811998367
-36025.14990222454
-31991.619480848312
-28498.524823069572
-25506.726539373398
-22824.982676386833
-1.1920928955078125e-07
1.1920928955078125e-07
-1.1920928955078125e-07
0.0
2.384185791015625e-07
1.1920928955078125e-07
0.0
1.1920928955078125e-07
0.0
-1.1920928955078125e-07
1.1920928955078125e-07
-5917.142781376839
-5516.685169458389
5.364418029785156e-07
1.1920928955078125e-07
2.384185791015625e-07
3.5762786865234375e-07
4.76837158203125e-07
2.5033950805664062e-06
4.172325134277344e-07
2.384185791015625e-07
4.76837158203125e-07
-1207042.0904545784
-1124342.1982808113
-1046431.5611695051
-973065.97625494
-904012.5766294003
-839049.279510498
-777965.9686000347
-720554.8229587078
-666644.3988056183
-616066.0695055723
-568572.8376815319
-524131.9916738272
-118384.43948984146
-106339.7507994175
-95411.88912963867
-86689.22448158264
-76407.92873907089
-69461.92268240452
-60437.489673137665
-53495.39188671112
-49111.219131588936
-43585.4340596199
-38832.081761956215
-34541.971574783325
-30873.27302324772
-27619.54505586624
-24733.399304986
-21943.8407869339
-18680.254059791565
0.0
-1.1920928955078125e-07
-1.1920928955078125e-07
0.0
-1.1920928955078125e-07
2.384185791015625e-07
0.0
-1.1920928955078125e-07
-2.384185791015625e-07
1.1920928955078125e-07
-6002.420197486877
5.960464477539062e-07
8.344650268554688e-07
2.384185791015625e-07
8.344650268554688e-07
1.1920928955078125e-07
3.5762786865234375e-07
2.562999725341797e-06
8.940696716308594e-07
2.980232238769531e-07
-1373965.3502369523
-1198830.1927329302
-1118511.5789465904
-1042714.6379231215
-971205.5149070024
-903787.7885016203
-840250.4996608496
-780393.3127914667
-724077.8715424538
-671096.8378356695
-621281.3319182396
-574493.2604957819
-124230.76041567326
-111857.31677925587
-100648.30800175667
-92231.59303152561
-80296.51772558689
-73140.60394752026
-66269.63145685196
-57359.29826903343
-50990.17928004265
-46977.89786410332
-41855.51887488365
-37401.66262626648
-33301.24668633938
-29823.302443027496
-26858.08606183529
-24122.14616537094
-21598.77720630169
-18339.286475896835
-1.1920928955078125e-07
1.1920928955078125e-07
0.0
1.1920928955078125e-07
2.384185791015625e-07
-1.1920928955078125e-07
0.0
-1.1920928955078125e-07
2.384185791015625e-07
-1.1920928955078125e-07
-6070.0173000097275
1.7881393432617188e-07
5.960464477539062e-07
2.980232238769531e-07
3.5762786865234375e-07
4.172325134277344e-07
1.3709068298339844e-06
2.6226043701171875e-06
5.364418029785156e-07
-1657068.7664250135
-971388.6018379927
-905383.7700346708
-843105.028414011
-784376.618902564
-728952.5677031279
-676787.7186377048
-627643.5290306807
-144328.9090476036
-130499.96741139889
-117858.57512187958
-106291.53742420673
-95698.79438376427
-87487.1791163683
-76840.3230676651
-69939.80040943623
-61676.873376369476
-54904.7581448555
-50643.14403140545
-45200.4508241415
-40277.13977468014
-36042.720318078995
-32335.311126470566
-29047.814092993736
-26242.352166175842
-23346.92548954487
-19946.474873542786
-18655.031448960304
-16013.001222133636
-1.1920928955078125e-07
0.0
1.1920928955078125e-07
0.0
0.0
0.0
-1.1920928955078125e-07
-1.1920928955078125e-07
0.0
-6146.573987722397
5.960464477539062e-07
5.364418029785156e-07
1.0132789611816406e-06
2.980232238769531e-07
1.0728836059570312e-06
2.980232238769531e-07
4.172325134277344e-07
2.384185791015625e-07
-1856775.8462389708
-1745112.4251362681
-1639926.5813117623
-1540215.8927007914
-1445636.0542278886
-1355988.3863719702
-1271004.0229111314
-1190456.2267671824
-1113014.9146826863
-1045263.6074455976
-976577.3171027899
-911685.3732539415
-850263.6091827154
-792289.093796134
-737514.5220326185
-151357.43188619614
-137246.26544117928
-124176.73132407665
-112250.19730222225
-101383.98287153244
-91287.43172299862
-81459.43591046333
-74100.55309486389
-67627.10290956497
-58949.87504053116
-52794.20216202736
-48666.72053194046
-43586.19598329067
-39083.61208677292
-35103.47797715664
-31579.095952630043
-28430.18876159191
-25636.835605978966
-22969.8828715086
-19731.906667351723
-18125.422978639603
-15650.65694797039
0.0
2.384185791015625e-07
1.1920928955078125e-07
-2.384185791015625e-07
1.1920928955078125e-07
-1.1920928955078125e-07
-1.1920928955078125e-07
-1.1920928955078125e-07
0.0
6.556510925292969e-07
5.960464477539062e-07
2.980232238769531e-07
2.384185791015625e-07
4.172325134277344e-07
5.364418029785156e-07
5.960464477539062e-07
-2067524.2768737078
-1948785.7941462398
-1836437.4373184443
-1729243.4591177106
-1627406.567031026
-1530654.5597141385
-1438156.3256073594
-1350436.814218402
-1272305.1505621672
-1193293.2040368915
-1118431.900907576
-1047456.4278076291
-980168.8161258698
-916415.4059340954
-856142.9952337742
-798977.1898719072
-156350.87637865543
-144446.20119476318
-130997.12269127369
-118715.16232585907
-107474.24088072777
-97164.01970934868
-89240.293248415
-78317.09360647202
-71836.96342921257
-63509.25765657425
-56939.16689777374
-52659.028493881226
-47195.76010763645
-42377.97061395645
-38092.57540512085
-34281.062495946884
-30950.41649699211
-27977.192460894585
-24862.062512278557
-21534.56138408184
-19579.010666012764
-17692.216535925865
-16310.121062994003
-14093.643727779388
1.1920928955078125e-07
0.0
0.0
1.1920928955078125e-07
-1.1920928955078125e-07
0.0
-1.1920928955078125e-07
0.0
5.960464477539063e-08
7.152557373046875e-07
4.76837158203125e-07
3.5762786865234375e-07
1.1324882507324219e-06
2.384185791015625e-07
4.172325134277344e-07
-2292029.205294132
-2165335.111011386
-2044776.9965503812
-1930068.2602988482
-1821310.3977595568
-1717392.5006796718
-1617932.5835927129
-1523471.000687182
-1438712.3467799425
-1353259.9243094325
-1269356.59023875
-1192478.8213867545
-1119486.513149023
-1049973.6405462623
-984022.5963516235
-921459.0980854034
-164564.8881522417
-152206.0351126194
-138379.88617539406
-125670.24792611599
-113982.45171773434
-103302.14144611359
-93577.21531867981
-86144.28236794472
-75931.37878763676
-69770.6946696043
-61556.31007194519
-55144.170409440994
-51168.570982933044
-46023.30452692509
-41417.75103521347
-37317.481281757355
-33692.62441468239
-30461.562559485435
-27145.528769254684
-24793.13922083378
-21445.06419956684
-19417.37825345993
-17319.60998046398
-16119.760502815247
-14167.621805787086
-12585.126858711243
1.1920928955078125e-07
0.0
0.0
1.1920928955078125e-07
1.1920928955078125e-07
-1.1920928955078125e-07
-1.1920928955078125e-07
1.1920928955078125e-07
7.748603820800781e-07
1.0132789611816406e-06
3.5762786865234375e-07
1.0728836059570312e-06
5.960464477539062e-07
6.556510925292969e-07
-2529062.8642545342
-2394350.636931479
-2265977.4262995124
-2143643.1903107166
-2027020.3118745685
-1916409.14828974
-1809873.149153769
-1713797.3714985847
-1613642.9698476791
-1522101.7102020383
-1434848.0533579588
-1351694.4726977348
-1272559.6413978338
-1197085.594679892
-1125342.3495685458
-1057007.870417297
-157880.6434236765
-146318.44545829296
-133113.0860991478
-121025.77931177616
-109979.08310747147
-99801.91704380512
-92285.46731007099
-83052.1275627613
-73902.43765103817
-67993.69033229351
-59861.26194548607
-53748.836173415184
-49999.084961891174
-45080.30096435547
-40637.67619049549
-36707.18722033501
-33235.56168675423
-30128.565429091454
-26814.66244661808
-23310.65669631958
-21341.560568094254
-19323.40876495838
-18192.845693945885
-15246.504478812218
-14468.377040982246
-12998.842275619507
-11436.350369691849
1.1920928955078125e-07
1.1920928955078125e-07
-1.1920928955078125e-07
-1.1920928955078125e-07
-1.1920928955078125e-07
1.0132789611816406e-06
2.0265579223632812e-06
8.940696716308594e-07
7.748603820800781e-07
2.980232238769531e-07
2.980232238769531e-07
1.2516975402832031e-06
1.7285346984863281e-06
-2778598.4361411333
-2635818.546829462
-2499579.4658073187
-2369565.8960216045
-2246908.349090457
-2127609.728897691
-2013951.1130806208
-1906468.1483688354
-1804078.4295432568
-1705921.4235731363
-1612167.040490508
-1522661.8632532358
-1437312.9852609038
-1355787.3605251312
-1278043.5005637407
-1203897.2629466653
-1133240.5238551497
-166732.93237280846
-152190.59087002277
-141277.503849864
-128520.91388893127
-117096.53309488297
-106536.31337249279
-96802.51747763157
-89562.23818397522
-78757.96366083622
-72522.09788107872
-64693.443883895874
-58462.5117456913
-52681.75809276104
-49100.63670694828
-44360.84662568569
-40072.08198273182
-36287.10765147209
-32910.14913070202
-29898.8988250494
-26800.116307854652
-23188.40978217125
-21277.77419948578
-19116.683599233627
-17974.45381951332
-15514.303695559502
-14060.321282148361
-13170.06102347374
-11702.039994120598
-10477.18133187294
0.0
-1.1920928955078125e-07
0.0
0.0
1.0728836059570312e-06
2.086162567138672e-06
1.1920928955078125e-07
8.344650268554688e-07
3.5762786865234375e-07
3.5762786865234375e-07
1.2516975402832031e-06
-3198609.6019907594
-3040648.0406341553
-2889774.6367169023
-2745634.903254211
-2607897.7752387524
-2477796.4810706973
-2351153.2812638283
-2230178.1096378565
-2115785.6201741695
-2006525.4803494215
-1901679.2332918644
-1801362.1910346746
-1705414.0007487535
-1613933.1205800176
-1526087.1934894323
-1442321.3705687523
-1362273.555767715
-1285798.175414443
-161314.2668184042
-147306.27135956287
-136940.52806186676
-124798.9996765852
-113772.72018611431
-103642.38026559353
-94330.9656175375
-87087.50104022026
-77307.73062300682
-71089.22214782238
-63504.19766557217
-57399.98082911968
-51707.12461268902
-48442.174872756004
-43825.13953113556
-39734.79794931412
-36026.39291059971
-32748.221767663956
-28368.830221414566
-26852.982691287994
-23295.47214758396
-21812.44473552704
-18904.715615034103
-17859.551169514656
-15687.64719414711
-14902.428829193115
-13639.692148566246
-11852.535634040833
-10574.678317308426
-10395.360952019691
1.1920928955078125e-07
-1.1920928955078125e-07
0.0
1.5497207641601562e-06
2.1457672119140625e-06
1.7881393432617188e-07
7.748603820800781e-07
1.1920928955078125e-06
3.5762786865234375e-07
1.3113021850585938e-06
-3481481.451580584
-3315212.8941061497
-3156225.3313444257
-3004164.7923331857
-2858571.2279983163
-2721003.0189591646
-2586879.290117204
-2459012.584335804
-2337278.3223342896
-2220715.7937906384
-2109442.8101395965
-2002498.375299275
-1900086.7451141477
-1802023.318380773
-1708178.0748634338
-1618281.5297800303
-1532250.2104281187
-1449906.9123207927
-1371140.69381845
-170988.74495124817
-156569.8777641058
-145811.07429778576
-133251.1615474224
-121657.11397445202
1.1920928955078125e-07
-101255.93165791035
-92157.32222878933
-85156.29366970062
-75879.19117951393
-70061.32640397549
-62615.11635911465
-56577.57247412205
-51108.91585922241
-47895.72536981106
-43477.11243748665
-39512.77864634991
-35886.40960979462
-32653.94610786438
-29207.97197806835
-26947.67115855217
-23471.22586619854
-21806.922627687454
-19029.079631567
-17949.703380703926
-15921.107846856117
-14262.713379740715
-13788.675510168076
-11937.858244419098
-10672.989650011063
-10533.615158319473
-9616.228429198265
0.0
1.7285346984863281e-06
2.205371856689453e-06
3.5762786865234375e-07
7.748603820800781e-07
1.1324882507324219e-06
4.172325134277344e-07
3.5762786865234375e-07
-3775101.2859712243
-3600682.177933991
-3433730.8148263693
-3273865.1429903507
-3120527.1000252366
-2976456.8720210195
-2834952.0693130493
-2699960.111195624
-2571032.9223728776
-2447472.3490249515
-2328978.911896348
-2215696.4192626476
-2106721.20972383
-2002208.5700790882
-1902138.9830504656
-1806035.3694505692
-1713933.812081337
-1625654.097091496
-1541051.9921056032
-166487.82474589348
-152647.54619169235
-142229.0419125557
-130202.47551119328
-119076.22790706158
2.384185791015625e-07
-99343.36871647835
-90395.20182359219
-83817.071662426
-75270.54468810558
-69306.48317360878
-61903.930765628815
-55988.587069153786
-52448.21545577049
-47667.926684617996
-43343.10185301304
-39463.19323003292
-35893.91021358967
-31243.604360580444
-29327.30030500889
-25894.03053176403
-23678.735570073128
-21760.464104652405
-20241.312215805054
-17351.148966670036
-16476.797504782677
-14761.22179031372
-13374.022869229317
-12078.534756064415
-11825.323600888252
-9901.724081039429
-9820.858954310417
-8239.647329449654
1.7881393432617188e-06
2.3245811462402344e-06
2.384185791015625e-06
8.344650268554688e-07
8.940696716308594e-07
3.5762786865234375e-07
4.172325134277344e-07
-4082694.630560279
-3899965.2986348867
-3724888.6138255
-3557045.3868793845
-3396107.761757195
-3244555.988446653
-3095288.770066023
-2952867.6422541738
-2817144.6043630242
-2686481.2343737483
-2561098.0919229984
-2440701.4163493514
-2325438.195029974
-2214457.921675205
-2107967.441689551
-2005684.3539201021
-1907465.9119517207
-1813183.7220051885
-1722680.1034201384
-162836.60168528557
-149421.14850914478
-139436.76067209244
-127857.68013250828
-116973.02054798603
1.1920928955078125e-07
-97884.8989418745
-89191.86323130131
-82588.88136184216
-74311.36414551735
-67102.03962922096
-61470.537296414375
-55431.07804453373
-52068.97067141533
-47322.60976958275
-43322.335821032524
-39508.760643839836
-35951.04128777981
-31445.36407315731
-29695.655858635902
-26035.566992282867
-23957.921670913696
-21889.34043598175
-20294.60217177868
-17666.589103102684
-16986.708674311638
-15165.571603298187
-13651.004483699799
-12312.81905567646
-11131.316675901413
-10991.789434075356
-10093.9900867939
-8509.85734128952
6.556510925292969e-07
1.2516975402832031e-06
2.384185791015625e-06
9.5367431640625e-07
8.940696716308594e-07
5.364418029785156e-07
-4602052.611385226
-4402893.632593513
-4211939.340696573
-4028728.910595119
-3852921.396019101
-3684162.896300137
-3524887.548240185
-3368216.8897882104
-3217602.998688102
-3075234.3969270587
-2937853.6342741847
-2805727.744471252
-2678310.7938141227
-2556042.40700227
-2438804.6201459765
-2325831.334664762
-2217392.418764591
-2112949.8712001443
-2012584.7872051597
-1916122.3440868258
-173880.56028532982
-159922.88939857483
-146796.89514040947
-137251.88046717644
-125886.15066301823
-115373.38525235653
1.1920928955078125e-07
1.1920928955078125e-07
-90327.45993566513
-82041.28215432167
-74043.4537961483
-68548.09708940983
-61034.87356054783
-55454.682754039764
-52090.379964232445
-47512.72524356842
-43303.50401866436
-39753.05984914303
-34759.97013604641
-31732.781815886497
-29993.858755350113
-26441.97398173809
-24829.315054178238
-21840.689049243927
-20711.357269525528
-17902.00363588333
-17339.581872224808
-16012.894555449486
-13970.900157809258
-12543.651076316833
-12354.90615618229
-11257.440305829048
-10415.093165874481
-8770.471259355545
7.748603820800781e-07
1.3113021850585938e-06
2.5033950805664062e-06
1.7881393432617188e-07
7.748603820800781e-07
3.5762786865234375e-07
-4943638.472685337
-4735704.859789968
-4536396.439233005
-4345290.052230477
-4161543.96142143
-3984974.0303611755
-3815288.1493296027
-3653364.9630526304
-3495589.6293714643
-3345236.4551054835
-3201298.706865549
-3062279.477139592
-2928410.7784303427
-2799261.881182134
-2675124.159236908
-2555934.5580034256
-2441047.6207448244
-2330476.797554016
-2224010.6693452
-2121516.55069232
-2022885.1953257918
-171160.10457599163
-157519.71233785152
-144815.77685904503
-135624.0365127325
-124540.54612791538
-114291.62683045864
0.0
1.1920928955078125e-07
0.0
0.0
1.1920928955078125e-07
-68409.97573125362
-61024.11897742748
-55446.80667448044
-52300.40157580376
-47722.53720128536
-43636.66185235977
-39921.41694331169
-35224.23028552532
-32958.2389626503
-30558.097475647926
-26873.755992650986
-25089.089218735695
-22129.002615451813
-21095.218838453293
-18837.499925374985
-17882.841920375824
-15435.207507610321
-14317.65674841404
-12963.232746720314
-12649.741117954254
-11529.052316308022
-10738.25262248516
-9064.4681879282
-6810659.991771281
-6532312.498021185
2.6226043701171875e-06
2.980232238769531e-07
1.0132789611816406e-06
1.4901161193847656e-06
-5298466.664864421
-5081808.563475966
-4873966.409200847
-4674338.183894157
-4482898.870844424
-4298573.566345751
-4121207.1052395105
-3951810.294618964
-3786341.085274279
-3628515.290628195
-3476741.65336293
-3331208.786236584
-3190555.4171432257
-3054998.2455003858
-2924342.3408182263
-2798110.7632064223
-2676971.5057587624
-2560262.7822491527
-2447524.8704143167
-2338985.6171749234
-2234392.094042301
-169123.2469958067
-155874.40629851818
-143489.4247945547
-134444.69926202297
-123669.56950199604
-113652.56147062778
1.1920928955078125e-07
0.0
0.0
0.0
0.0
0.0
1.1920928955078125e-07
1.1920928955078125e-07
0.0
1.1920928955078125e-07
2.384185791015625e-07
1.1920928955078125e-07
-35726.564039349556
-33447.75807583332
-29719.27542948723
-27385.171374201775
-25472.281266093254
-22625.20785009861
-21332.547481179237
-18901.233733177185
-17420.038268208504
-16672.041630625725
-14761.153350949287
-13357.33656835556
-13095.270656943321
-11929.335374474525
-11110.353712439537
-7217718.2172266245
-6939158.229986966
-6669129.180755019
-6396741.564560235
-6144647.0587883
-5901065.678532839
-5666442.375826001
-5441099.49551326
-5224701.66439873
-5016740.82298249
-4816838.651624322
-4624778.836103857
-4439907.11092931
-4262603.173464417
-4090025.2291836143
-3924680.4362454414
-3765498.8475762606
-3612259.541346252
-3465149.892959714
-3322858.3324150443
-3185598.246712923
-3053181.0529013276
-2925412.038455665
-2802173.136603534
-2683373.553550422
-2568641.0471332073
-2458037.183817625
-167859.82604515553
-154761.90259337425
-142632.5073069334
-133778.69157791138
-123276.1496925354
-113437.35680162907
1.1920928955078125e-07
1.1920928955078125e-07
-1.1920928955078125e-07
0.0
0.0
-1.1920928955078125e-07
1.1920928955078125e-07
0.0
0.0
0.0
1.1920928955078125e-07
0.0
-2.384185791015625e-07
-1.1920928955078125e-07
1.1920928955078125e-07
0.0
0.0
-1.1920928955078125e-07
0.0
0.0
0.0
0.0
-15216.248986124992
-13732.123990893364
-13561.613991260529
-12368.028957009315
-11408.136410355568
-6809806.509728372
-6539232.548900008
-6285933.029357195
-6042587.62496686
-5812169.724632204
-5588467.476708651
-5372389.007241905
-5164316.371178806
-4963974.493998289
-4771115.656415582
-4585742.415426552
-4406943.028410077
-4233863.9458040595
-4067279.5335311294
-3906739.25519979
-3752061.564566374
-3603269.6904295087
-3459358.6687411666
-3320381.694108546
-3186176.5273804665
-3056581.900194049
-2931426.199018538
-2810769.3132181168
-2693938.0907391906
-154244.38125801086
-142359.83727133274
-133654.3497196436
-123335.9654737711
-113678.66346764565
-104629.25949335098
1.1920928955078125e-07
0.0
1.1920928955078125e-07
1.1920928955078125e-07
2.384185791015625e-07
1.1920928955078125e-07
0.0
-1.1920928955078125e-07
1.1920928955078125e-07
1.1920928955078125e-07
2.384185791015625e-07
0.0
0.0
-1.1920928955078125e-07
0.0
-1.1920928955078125e-07
-1.1920928955078125e-07
-1.1920928955078125e-07
0.0
3.5762786865234375e-07
1.1920928955078125e-07
-2.384185791015625e-07
-1.1920928955078125e-07
2.384185791015625e-07
0.0
0.0
-6435902.697205424
-6193757.597481072
-5960926.15159595
-5737294.699650645
-5523674.957229018
-5316506.963695586
-5115937.978347957
-4922409.737300456
-4736068.29397428
-4555453.177221656
-4382206.61965704
-4214321.647992909
-4052386.9207802415
-3896177.079875231
-3745771.1873651743
-3600234.181744635
-3459535.5969220996
-3323531.2112395167
-3192090.6914931536
-3065016.096185744
-2942397.7138141394
-166944.3547155857
-154251.51704132557
-145078.45916211605
-134035.57430410385
-123818.1770516634
-114241.8081510067
-105364.791208148
0.0
5.960464477539062e-07
2.384185791015625e-07
1.1920928955078125e-07
0.0
-2.384185791015625e-07
0.0
0.0
-1.1920928955078125e-07
1.1920928955078125e-07
1.1920928955078125e-07
1.1920928955078125e-07
0.0
-2.384185791015625e-07
1.1920928955078125e-07
-1.1920928955078125e-07
0.0
1.1920928955078125e-07
0.0
0.0
1.1920928955078125e-07
0.0
0.0
0.0
0.0
-1.1920928955078125e-07
-6350843.877711594
-6118367.944384217
-5894458.726836979
-5678670.35838908
-5473234.109453559
-5271665.214082241
-5078444.320681274
-4891057.438027024
-4709203.67589426
-4535219.007898331
-4366020.99748826
-4202668.983523965
-4044923.480906844
-3892373.127685845
-3745614.158101082
-3603188.1401379704
-3465410.754897356
-3332090.7467781305
-3203109.1881127357
-3078525.039270282
-194361.08035600185
-180679.82410013676
-167277.65159225464
-154897.0208017826
-143303.52556288242
-134981.62784337997
-124734.32685542107
-115300.21110546589
-106435.10759341717
1.1920928955078125e-07
1.1920928955078125e-07
1.1920928955078125e-07
2.384185791015625e-07
1.1920928955078125e-07
0.0
1.1920928955078125e-07
0.0
3.5762786865234375e-07
1.1920928955078125e-07
0.0
-2.384185791015625e-07
1.1920928955078125e-07
1.1920928955078125e-07
-2.384185791015625e-07
0.0
0.0
0.0
-1.1920928955078125e-07
0.0
1.1920928955078125e-07
1.1920928955078125e-07
0.0
1.1920928955078125e-07
2.384185791015625e-07
0.0
0.0
-6058241.928542554
-5842727.446767569
-5634653.193548381
-5433654.418805182
-5239093.380734563
-5050394.817838609
-4867970.332229674
-4693054.808805585
-4522571.718791187
-4357777.309011579
-4198424.314838946
-4044373.352386415
-3895715.172941625
-3751545.0111191273
-3611951.607911706
-3476778.8708248734
-3345871.448087275
-224498.06033325195
-209399.62445628643
-195065.3370192051
-181457.5774950981
-168291.27021217346
-155997.3670157194
-144545.9365465641
-136169.98604345322
-126040.77113473415
-116690.04828155041
-107902.5483263731
-99646.83226764202
1.1920928955078125e-07
1.1920928955078125e-07
1.1920928955078125e-07
-1.1920928955078125e-07
0.0
1.1920928955078125e-07
1.1920928955078125e-07
0.0
0.0
1.1920928955078125e-07
-1.1920928955078125e-07
-1.1920928955078125e-07
0.0
1.1920928955078125e-07
-2.384185791015625e-07
2.384185791015625e-07
1.1920928955078125e-07
1.1920928955078125e-07
0.0
2.384185791015625e-07
1.1920928955078125e-07
2.384185791015625e-07
0.0
1.1920928955078125e-07
0.0
0.0
-5801396.75644207
-5599783.417858601
-5404761.816981316
-5216129.7351138
-5033004.884844124
-4854941.805105388
-4684199.782260716
-4517844.29166162
-4356925.191221237
-4201154.388991654
-4050716.5689759254
-3904764.5767948627
-3763353.0700654387
-3626282.074679315
-258760.76003956795
-241998.99877643585
-225547.44591975212
-210511.29712057114
-196401.85271048546
-183006.78672909737
-169986.6179984808
-157655.17205250263
-146208.58713912964
-138044.63126301765
-127889.72410130501
-118435.09164845943
-109742.27441859245
-101498.30604672432
0.0
2.384185791015625e-07
2.384185791015625e-07
1.1920928955078125e-07
1.1920928955078125e-07
-1.1920928955078125e-07
1.1920928955078125e-07
0.0
1.1920928955078125e-07
0.0
1.1920928955078125e-07
0.0
0.0
-1.1920928955078125e-07
0.0
1.1920928955078125e-07
-1.1920928955078125e-07
1.1920928955078125e-07
0.0
0.0
-1.1920928955078125e-07
1.1920928955078125e-07
0.0
0.0
2.384185791015625e-07
-5974261.55129081
-5771469.425558448
-5575479.546784461
-5385354.83900243
-5201273.8111431
-5024037.223057568
-4851061.19219625
-4683124.63839066
-4520563.028508842
-4363114.295426905
-4210562.595287681
-4063010.285277903
-3919748.531250119
-295747.53032290936
-277240.8458554745
-259676.7689768076
-243575.64671480656
-227298.83703231812
-212388.73559832573
-198287.7026474476
-185045.72809624672
-172076.25158834457
-159941.46474647522
-148522.46964991093
-140239.03270709515
-130124.60223603249
-120696.71098542213
-111849.2981479168
-103703.92695522308
-95736.90540349483
2.384185791015625e-07
0.0
0.0
-1.1920928955078125e-07
2.384185791015625e-07
1.1920928955078125e-07
0.0
0.0
1.1920928955078125e-07
0.0
1.1920928955078125e-07
-1.1920928955078125e-07
1.1920928955078125e-07
0.0
1.1920928955078125e-07
3.5762786865234375e-07
1.1920928955078125e-07
0.0
-1.1920928955078125e-07
-1.1920928955078125e-07
0.0
2.384185791015625e-07
1.1920928955078125e-07
0.0
0.0
-6151134.960767269
-5948048.180880606
-5751172.248872995
-5560355.234938979
-5375318.774588168
-5196184.366208255
-5022631.57641691
-4853921.10568279
-4689564.995526552
-4530396.450762153
-4375995.658296704
-4226820.010577142
-337205.56714242697
-316948.34034639597
-297669.31088268757
-279334.15839505196
-261912.24865031242
-245962.62060123682
-230277.25950455666
-214923.58727264404
-200884.4501004219
-187614.26483225822
-174802.71307444572
-162679.31970191002
-151161.85265934467
-143010.05746138096
-132775.99024391174
-123424.83496725559
-114478.46897423267
-106239.84311699867
-98497.3206218481
-1.1920928955078125e-07
1.1920928955078125e-07
0.0
0.0
1.1920928955078125e-07
0.0
1.1920928955078125e-07
0.0
1.1920928955078125e-07
-1.1920928955078125e-07
-1.1920928955078125e-07
0.0
-1.1920928955078125e-07
0.0
1.1920928955078125e-07
-1.1920928955078125e-07
-1.1920928955078125e-07
-1.1920928955078125e-07
1.1920928955078125e-07
0.0
1.1920928955078125e-07
2.384185791015625e-07
1.1920928955078125e-07
-1.1920928955078125e-07
-1.1920928955078125e-07
-6547087.338293433
-6336624.384946942
-6132573.445427537
-5934670.11860472
-5742684.257207632
-5556387.29087019
-5375547.22028482
-5199943.36532414
-5030163.157033801
-4864241.062607765
-4703157.500501096
-4546935.999083281
-382763.92034482956
-360710.2227447629
-339655.79421663284
-319584.80886632204
-300453.9592464566
-282254.4639133215
-264936.9931232929
-248480.15032178164
-233395.50710517168
-218130.4311388135
-204117.9234340191
-190855.8159352541
-178087.44507849216
-165874.9599852562
-154448.04430782795
-146222.02618300915
-135996.93815338612
-126493.67591786385
-117519.52078282833
-109105.58757030964
-101363.60497534275
-93689.30124974251
1.1920928955078125e-07
1.1920928955078125e-07
2.384185791015625e-07
1.1920928955078125e-07
1.1920928955078125e-07
-1.1920928955078125e-07
-1.1920928955078125e-07
0.0
0.0
-1.1920928955078125e-07
0.0
1.1920928955078125e-07
0.0
2.384185791015625e-07
0.0
0.0
1.1920928955078125e-07
-1.1920928955078125e-07
-1.1920928955078125e-07
1.1920928955078125e-07
2.384185791015625e-07
0.0
0.0
0.0
-6957376.805914819
-6739466.2137675285
-6528135.046965182
-6323040.400029838
-6123988.2006447315
-5930771.673864126
-5743126.031244457
-5560884.067894697
-5383850.58921659
-5212289.178442836
-5044596.832111239
-4881747.777458787
-432153.9106014967
-408541.6609386802
-385836.31824856997
-363963.19453018904
-343069.6363710761
-323126.20334237814
-304114.3047055006
-285980.22337925434
-268739.0196803808
-252325.41934359074
-236726.44367051125
-222004.1426128149
-207983.1835115552
-194702.30872654915
-181959.46635580063
-169774.86434054375
-158225.82814764977
-149814.8136485815
-139608.70669031143
-130005.98682522774
-120995.78597807884
-112488.77268147469
-104533.13827705383
-96774.73213291168
2.384185791015625e-07
3.5762786865234375e-07
2.384185791015625e-07
1.1920928955078125e-07
-1.1920928955078125e-07
0.0
0.0
-1.1920928955078125e-07
1.1920928955078125e-07
0.0
-1.1920928955078125e-07
2.384185791015625e-07
0.0
2.384185791015625e-07
1.1920928955078125e-07
-1.1920928955078125e-07
1.1920928955078125e-07
0.0
-1.1920928955078125e-07
2.384185791015625e-07
0.0
1.1920928955078125e-07
0.0
-1.1920928955078125e-07
0.0
-7157125.079811096
-6938342.048129201
-6725943.047863185
-6519732.370591044
-6319456.889200568
-6124926.627869546
-5935892.40742296
-5752150.904078126
-5573550.690113187
-5399888.931155622
-5230426.457536578
-5066200.799414158
-513101.0906391144
-486263.9978529215
-460437.42580103874
-435763.9955345392
-412278.2978260517
-389763.40311175585
-368217.75739985704
-347429.9752600193
-327567.6613276601
-308619.683355391
-290539.09369134903
-273318.3296447396
-256921.23301523924
-241316.7430304885
-227006.1879079342
-212498.79291903973
-199165.23777097464
-186489.68134272099
-174170.84469401836
-162545.78329014778
-151589.8426591754
-143706.9100253582
-134024.07574605942
-124872.30924391747
-116254.0052022934
-108200.32277917862
-100737.05320739746
2.384185791015625e-07
1.1920928955078125e-07
0.0
3.5762786865234375e-07
-1.1920928955078125e-07
-1.1920928955078125e-07
1.1920928955078125e-07
-2.384185791015625e-07
-1.1920928955078125e-07
1.1920928955078125e-07
1.1920928955078125e-07
0.0
0.0
2.384185791015625e-07
-1.1920928955078125e-07
2.384185791015625e-07
-1.1920928955078125e-07
1.1920928955078125e-07
1.1920928955078125e-07
1.1920928955078125e-07
-1.1920928955078125e-07
0.0
0.0
0.0
0.0
-7589989.300725222
-7363678.698117256
-7143890.4516996145
-6930370.341476738
-6722951.212962329
-6521378.880971074
-6325430.119637787
-6134877.433935881
-5949551.052302301
-5769346.130700648
-5593993.387222886
-5423421.95769316
-5256621.632599711
-5094759.247025549
-4937186.087547898
-573410.860147953
-544973.48211205
-517273.06636077166
-490935.6987348795
-465301.17440903187
-440507.6274498105
-417080.8733418584
-394811.5516539216
-373363.9526156783
-352744.1878590584
-332924.8012690544
-313990.76458770037
-295929.12484943867
-278694.0682426691
-262271.2057043314
-246626.88625901937
-231724.0234158635
-218107.2724043131
-204263.98929047585
-191540.1858254075
-179164.9415998459
-167416.00931417942
-129235.72376942635
-120529.72842991352
-112298.38741397858
-104518.00012075901
0.0
0.0
0.0
-1.1920928955078125e-07
0.0
-1.1920928955078125e-07
0.0
0.0
-2.384185791015625e-07
1.1920928955078125e-07
1.1920928955078125e-07
1.1920928955078125e-07
0.0
0.0
0.0
-2.384185791015625e-07
1.1920928955078125e-07
0.0
1.1920928955078125e-07
-1.1920928955078125e-07
2.384185791015625e-07
1.1920928955078125e-07
0.0
1.1920928955078125e-07
1.1920928955078125e-07
-643129.6792411804
-612225.524224937
-582454.974982202
-553809.1979025602
-522457.1870982647
-496403.985034883
-471089.35897785425
-446748.6654641032
-423122.9832916856
-400813.52547723055
-379538.7050037384
-359015.7838240862
-339199.4111766219
-320250.9900571108
-302154.0767451525
-284873.9901255965
-268390.61972624063
-252677.01147699356
-237687.1463163495
-223429.4460902214
-210007.1127462983
-125170.82822591066
-116805.4655956626
-108905.5829590559
0.0
0.0
0.0
0.0
-1.1920928955078125e-07
1.1920928955078125e-07
-1.1920928955078125e-07
-1.1920928955078125e-07
0.0
0.0
-2.384185791015625e-07
1.1920928955078125e-07
3.5762786865234375e-07
0.0
1.1920928955078125e-07
0.0
2.384185791015625e-07
0.0
2.384185791015625e-07
1.1920928955078125e-07
-1.1920928955078125e-07
-714266.0276245475
-681227.1355837584
-649313.6971892715
-618643.4769156575
-589043.9425136447
-560521.2600898743
-533104.826679349
-503015.7927464843
-477976.22344762087
-453724.56549578905
-430459.4094516039
-407763.20215910673
-386455.73792147636
-366036.2440290451
-346413.05940008163
-327411.6642758846
-309240.4851639867
-291876.0889519453
-275295.9419044256
-259471.92077505589
-139480.33838498592
-130354.5146034956
-121762.26364916563
-113773.57558488846
1.1920928955078125e-07
2.384185791015625e-07
5.960464477539063e-08
1.7881393432617188e-07
0.0
0.0
0.0
-1.1920928955078125e-07
0.0
1.1920928955078125e-07
2.384185791015625e-07
1.1920928955078125e-07
0.0
-790833.9072707295
-755597.9770115018
-721586.2375519872
-688728.825101018
-657001.7114087343
-626486.0398308039
-596977.2361802459
-568552.6264204979
-541213.6731845737
-514904.0712503791
-485967.32247048616
-462008.34510457516
-438654.93696790934
-416378.45915180445
-394577.67856258154
-374028.7438566685
-354335.5145204067
-335488.15999400616
-317210.8437769413
-163160.22672736645
-152901.96880286932
-145405.23113530874
-136084.04921770096
-127291.48555332422
2.384185791015625e-07
-5.960464477539063e-08
0.0
0.0
5.960464477539063e-08
-911601.1132160425
-872945.2472581267
-835519.749720931
-799337.4135791659
-764318.2682403326
-730466.6714141965
-697740.7992005348
-666145.8183549643
-635733.1579557061
-606329.5080532432
-577962.2514818907
-550670.4969428778
-524436.6829854846
-499030.8005182147
-471077.7745603919
-447639.834649086
-425473.64525955915
-404019.0753926635
-205321.90782433748
-193137.65240895748
-181231.40964144468
-170087.3410847783
-159390.05554282665
5.960464477539063e-08
5.960464477539063e-08
0.0
-1001606.0299239159
-960744.453409791
-921142.2344887853
-882728.4225471616
-845564.6085854173
-809540.641025126
-774700.7209415436
-740972.6531222463
-708355.6201004982
-676813.5238770843
-646466.8100799918
-617071.6494951248
-588733.5766091347
-561334.5030505657
-535102.779019177
-509689.66664266586
-481612.91157478094
-239870.90104079247
-226371.48166841269
-213419.0676611066
-201143.43656271696
1.7881393432617188e-07
-5.960464477539063e-08
1.7881393432617188e-07
0.0
1.1920928955078125e-07
1.1920928955078125e-07
2.980232238769531e-07
-1097531.4183048606
-1054394.2060227394
-1012552.3207991123
-971943.7317963839
-932532.244858563
-894344.6007197499
-857329.7476466894
-821430.1401587725
-786696.6823147535
-753066.1259427667
-720503.8360806704
-689031.3937085867
-658592.5262799859
-629242.9104117751
-600848.793966949
-573545.2763935924
-279044.92539560795
-263860.50661712885
-249391.33544176817
-5.960464477539063e-08
0.0
3.5762786865234375e-07
1.1920928955078125e-07
0.0
2.384185791015625e-07
1.1920928955078125e-07
0.0
1.1920928955078125e-07
-1.1920928955078125e-07
0.0
-10010005.374747068
-9753831.786200076
-9504446.60326606
-9261631.412336975
-9025063.370230556
-8794503.455815554
-8569773.632957757
-8350652.9355561435
-8136924.746269941
-7928415.183342397
-7724903.563450366
-7526350.206426322
-7332508.292583078
-7143261.824823916
-6958468.042596579
-6777987.572027504
-6601704.799739242
-6429525.573149979
-6261334.254755348
-6096987.384434998
-5936392.402249575
-5779504.166496038
-5624469.884679198
-5474156.754741192
-5327653.625187814
-5184347.721349895
-5044275.021124482
-4907382.591825783
-1246194.8893984556
-1199504.698051989
-1154099.791829586
-1109968.2118008137
-1067112.927949965
-1025481.0927200317
-985063.0802249908
-945827.598528862
-907753.4753127098
-870844.8016590476
-835052.5456892252
-800354.8822829127
-766757.2851186991
-734213.7928991914
-702713.2658325434
-672239.9649654627
-322631.67558300495
-305977.5667873025
1.7881393432617188e-07
2.980232238769531e-07
1.1920928955078125e-07
0.0
1.7881393432617188e-07
4.172325134277344e-07
5.960464477539063e-08
-5.960464477539063e-08
1.7881393432617188e-07
-1.1920928955078125e-07
0.0
5.960464477539063e-08
-1.1920928955078125e-07
-136844.31275862455
-128482.03247350454
-10290317.958408386
-10032116.575563163
-9780648.258202076
-9535710.041894525
-9297039.483833015
-9064357.031137198
-8837420.78182283
-8616071.18502289
-8400132.298304826
-8189366.284805924
-7983627.434997797
-7782732.966997713
-7586587.416061044
-7394971.414708853
-7207829.705850005
-7025003.458152652
-6846321.244145662
-6671745.9021320045
-6501109.803235292
-6334351.959360778
-6171309.376897126
-6011949.751250088
-5856138.982952833
-5704379.043414563
-5552348.013828188
-5406961.316885948
-5264459.347515404
-5125062.882823288
-4988718.746461749
-4855430.036595583
-4723479.10915494
-4600747.229521573
-4475832.049780071
-4353642.023711801
-4234098.507590771
-4116997.64587605
-4003850.36138165
-1356696.710031867
-1307681.4289737344
-1259961.0156390667
-1213563.5050006509
-1168417.9409911633
-1124509.1022037864
-1081838.8184457421
-1040378.2114514709
-1000102.1918672323
-960977.8419517279
-922983.769718051
-886122.4262666106
-850363.1715866327
-815690.384254694
-782078.4664155841
-370652.89896935225
2.980232238769531e-07
2.384185791015625e-07
2.980232238769531e-07
1.7881393432617188e-07
2.384185791015625e-07
1.1920928955078125e-07
2.980232238769531e-07
5.960464477539063e-08
2.384185791015625e-07
-5.960464477539063e-08
1.1920928955078125e-07
1.1920928955078125e-07
0.0
1.1920928955078125e-07
-161205.55604177713
-154001.62891501188
-144792.38542455435
-136116.18752020597
-127889.05673843622
-10848953.00882721
-10581340.986585617
-10320774.51746428
-10067013.66671601
-9819717.08777392
-9578722.61280486
-9343707.588514805
-9114419.648136348
-8890739.34888789
-8672402.216730148
-8459227.447929442
-8251107.364277661
-8047797.513140768
-7849213.987494707
-7655204.466002554
-7465585.562606841
-7280271.106533527
-7099138.629087448
-6922070.108703077
-6748926.870365471
-6579641.449947119
-6414121.039794713
-6252225.658324778
-6093857.403600693
-5938994.089667976
-5787721.609540492
-5635719.8594151735
-5491910.939054668
-5350157.991898477
-5211283.11945653
-5075410.960845053
-4942507.535357356
-4812298.130656719
-4684790.750384569
-4563409.273617029
-4441334.461283863
-4321906.260259032
-4204724.658190548
-4090701.324310541
-3979976.67071414
-1473569.0411441326
-1422215.2099240422
-1372182.8587186337
-1323441.7969557047
-1276001.2449967265
-1229802.173287809
-1184858.0882647634
-1141118.2345089912
-1098591.2144604921
-1057243.80468601
-1017033.8122003675
-977968.3725706935
-940018.4083772302
-903156.8909647465
2.384185791015625e-07
2.384185791015625e-07
2.980232238769531e-07
3.5762786865234375e-07
1.1920928955078125e-07
2.980232238769531e-07
2.384185791015625e-07
2.384185791015625e-07
0.0
1.1920928955078125e-07
1.1920928955078125e-07
3.5762786865234375e-07
2.980232238769531e-07
5.960464477539063e-08
1.1920928955078125e-07
-191976.873506248
-180922.4549139738
-170690.61834794283
-160476.10660773516
-153528.48326551914
-5.960464477539063e-08
-135870.66432762146
-127750.31341958046
-120123.5216832161
-11154047.32994005
-10883485.914667755
-10620309.564749062
-10363942.295775622
-10114138.083191395
-9870570.070563048
-9633018.371965766
-9401238.796968043
-9174994.375326276
-8954113.806882977
-8738432.794625163
-8527767.009241104
-8321915.356842786
-8120762.259611845
-7924194.796150863
-7731990.405833155
-7544106.653071344
-7360417.032910317
-7180748.64083457
-7005055.960269511
-6833166.440233231
-6665014.84131521
-6500545.289996594
-6339588.822367489
-6182138.988312453
-6028001.688572615
-5877219.707077116
-5724646.110289544
-5581106.349362493
-5441304.41572392
-5303003.6021639705
-5167462.253001004
-5034806.164327562
-4904963.538873553
-4777234.819842458
-4652597.383628488
-4533936.999575734
-4414503.273894131
-4297150.767867923
-4183007.2280094028
-4071281.67016834
-3962680.7018306255
-3855693.395008266
-1652047.3367435932
-1596977.1287513971
-1543262.5531372428
-1490870.6385324001
-1439798.7605531216
-1390012.754436314
-1341521.9300447702
-1294269.7674000263
-1248253.5611855984
-1203423.678337872
-1159806.8506079316
-1117365.2078629732
-1076041.311684966
-1035878.8794337511
4.172325134277344e-07
2.980232238769531e-07
5.364418029785156e-07
3.5762786865234375e-07
5.960464477539062e-07
2.384185791015625e-07
1.1920928955078125e-07
1.1920928955078125e-07
4.172325134277344e-07
0.0
1.1920928955078125e-07
1.7881393432617188e-07
2.980232238769531e-07
5.960464477539063e-08
-239494.0338023305
-226786.76734650135
-214637.40033000708
-203043.09978604317
-191466.80689042807
-180592.1205972433
-170329.48108762503
-160429.42546457052
-153547.41424620152
-144633.34888768196
-136134.01977610588
-128102.44508677721
-120557.33983027935
-11471382.901983827
-11197515.93964526
-10931334.95809257
-10672033.720452517
-10419380.688340157
-10173027.36918208
-9932699.106497198
-9698158.273115993
-9469204.340574563
-9245627.588397384
-9027240.345467359
-8813899.896597445
-8605338.633629084
-8401557.602640152
-8202286.878206193
-8007427.253788978
-7816846.3224877715
-7630454.650023162
-7448163.69400233
-7269738.5419538915
-7095220.618166
-6924376.023903549
-6757221.842530489
-6593575.325723112
-6433452.934897214
-6276657.890576839
-6123190.086495519
-5972930.647170901
-5826035.784534454
-5681118.373577535
-5537674.758808404
-5400066.259339005
-5264855.232719243
-5132389.677295566
-5002650.030728042
-4874776.147581339
-4750487.56120497
-4627254.374744713
-4512220.91883117
-4394292.222410619
-4279928.8422755
-4167965.260171771
-4058376.2511821985
-3951093.7060800195
-3846027.0913351774
-1784534.4084784389
-1727054.0654848218
-1670943.5292510986
-1616183.06898427
-1562758.5318772793
-1510623.4399706721
-1459791.4365025759
-1410215.9663404226
-1361878.9194294214
-1314759.6601299644
-1268845.0233530998
-1224126.9015657902
-1180559.4543717504
1.7881393432617188e-07
4.76837158203125e-07
4.172325134277344e-07
4.172325134277344e-07
4.76837158203125e-07
3.5762786865234375e-07
4.76837158203125e-07
3.5762786865234375e-07
0.0
2.384185791015625e-07
5.960464477539063e-08
5.960464477539063e-08
1.1920928955078125e-07
1.1920928955078125e-07
-279891.1148069501
-265684.1054828763
-252071.114254117
-238990.40209174156
-226461.97192001343
-214487.98362708092
-203041.46449911594
-191626.17534774542
-181122.49804627895
-170694.58169817924
-160900.4458565116
-5.960464477539063e-08
-145192.96987611055
-136811.53468853235
-5.960464477539063e-08
5.960464477539063e-08
-11801771.897176951
-11524210.147087038
-11254423.818665922
-10991843.059939057
-10736051.991339386
-10486603.069166124
-10243273.161736816
-10005783.443364799
3.5762786865234375e-07
-9547417.052152961
-9326156.55231005
-9109953.269415557
-8898540.814723104
-8691915.818690062
-8489860.355959535
-8292214.266076714
-8098826.803493649
-7909625.077820063
-7724504.023535043
-7543366.24549371
-7366028.05346787
-7192459.2309682965
-7022530.604937017
-6856125.444033772
-6693228.385531336
-6533707.036402613
-6377487.665053219
-6224525.052562833
-6074643.113001317
-5928025.546945602
-5784371.845144033
-5642237.094617575
-5502261.494582772
3.2782554626464844e-07
3.5762786865234375e-07
4.172325134277344e-07
4.172325134277344e-07
2.980232238769531e-07
2.980232238769531e-07
5.066394805908203e-07
-4497260.4050107
-4381596.165564001
-4269312.387853622
-4159327.8310530186
-4051634.956487894
-3946145.8860949874
-3842848.735684693
-3741678.0074754953
-1923873.933481276
-1863957.3598690033
-1805449.2902348042
-1748288.7954901457
-1692468.290757656
-1637974.9268953204
-1584779.9793360233
-1532839.719584465
-1482170.8183099031
-1432729.8389691114
-1384507.277907908
0.0
5.960464477539063e-08
5.960464477539063e-08
3.5762786865234375e-07
3.5762786865234375e-07
2.384185791015625e-07
3.5762786865234375e-07
5.364418029785156e-07
2.980232238769531e-07
1.7881393432617188e-07
3.5762786865234375e-07
3.5762786865234375e-07
0.0
2.384185791015625e-07
-324816.2151376009
-309204.69987744093
-293927.90231227875
-279488.097058177
-265592.6137831211
-252151.9159731269
-239234.97354465723
-226852.69966065884
-215004.84250426292
-203688.03789383173
-192328.17144846916
-181738.54368269444
-171575.869404912
-164427.3209876418
2.384185791015625e-07
-146356.55514585972
5.960464477539063e-08
0.0
0.0
-12146359.476133585
-11864226.66790986
-11590431.730586499
-11323955.336698294
-11064645.125483155
-10811805.580037266
-10565180.300052166
-10324504.873090923
3.8743019104003906e-07
4.470348358154297e-07
3.2782554626464844e-07
3.8743019104003906e-07
1.1622905731201172e-06
5.066394805908203e-07
5.364418029785156e-07
5.364418029785156e-07
1.6093254089355469e-06
5.662441253662109e-07
5.960464477539062e-07
6.556510925292969e-07
5.662441253662109e-07
5.662441253662109e-07
1.2516975402832031e-06
4.470348358154297e-07
2.175569534301758e-06
4.76837158203125e-07
1.3113021850585938e-06
6.854534149169922e-07
7.152557373046875e-07
2.980232238769531e-07
1.7881393432617188e-07
2.980232238769531e-07
1.4901161193847656e-07
4.76837158203125e-07
3.8743019104003906e-07
3.2782554626464844e-07
3.5762786865234375e-07
-5085808.956022501
-4960720.827796817
-4838360.954680145
-4717892.282586664
-4604037.351601779
-4488922.511629105
-4376119.267752647
-4264927.269851536
-4156767.5161884427
-4050773.6104950905
-3946928.0975346565
-3845201.6360453963
-3745542.137139261
-2135861.680796683
-2070197.7871299386
-2007848.575267911
-1946914.7477363348
-1887326.0260144472
-1829099.874523878
-1772209.4310737848
-1716614.5328375697
-1662315.3373064995
-1609278.1451205611
-1557494.3659011126
1.1920928955078125e-07
0.0
1.1920928955078125e-07
1.7881393432617188e-07
3.5762786865234375e-07
4.76837158203125e-07
2.384185791015625e-07
4.76837158203125e-07
5.364418029785156e-07
5.960464477539062e-07
2.980232238769531e-07
3.5762786865234375e-07
2.384185791015625e-07
2.384185791015625e-07
-374390.22739315033
-357112.3167142272
-340542.41616499424
-324707.7254370451
-309454.5955706239
-294505.70646357536
-280042.6005946994
-266289.1656975746
-252984.84707719088
-240198.28423523903
-227931.1710409522
-216185.4582543373
-204953.2741985321
-194207.5006107092
-183170.23487007618
-173071.9179929495
-163458.4713959098
0.0
5.960464477539063e-08
2.384185791015625e-07
2.384185791015625e-07
2.384185791015625e-07
-12809882.794291645
-12506882.620947301
-12218878.804317087
-11940174.420846462
-11669417.13037622
-11405970.92349869
-11149329.432303369
-10899118.661374956
-10654863.617851138
3.8743019104003906e-07
4.172325134277344e-07
4.470348358154297e-07
3.8743019104003906e-07
1.2814998626708984e-06
5.960464477539062e-07
5.662441253662109e-07
1.3113021850585938e-06
1.4901161193847656e-07
6.556510925292969e-07
5.960464477539062e-07
5.960464477539062e-07
5.364418029785156e-07
5.662441253662109e-07
4.76837158203125e-07
4.76837158203125e-07
2.086162567138672e-07
4.172325134277344e-07
1.4603137969970703e-06
7.152557373046875e-07
7.152557373046875e-07
1.7881393432617188e-07
1.4901161193847656e-07
1.4901161193847656e-07
2.682209014892578e-07
3.8743019104003906e-07
2.980232238769531e-07
-5591185.326600641
-5455598.471216321
-5326759.768809408
-5199032.994751036
-5073454.193920076
-4950860.42411229
-4830521.770178139
-4711880.124217987
-4600172.19900462
-4486879.184960306
-4375915.858686984
-4267161.760428607
-4160561.7667190433
-4055532.326826811
-3953169.4519608617
-3852854.215767443
-3754525.138044834
-3658178.882649839
-2288160.444974005
-2223664.592848301
-2158858.652990103
-2095452.3528003693
-2033434.1651345491
-1972785.9418030977
-1913463.1170958877
-1855465.5898367167
-1798762.7080907226
-1743343.6843507886
0.0
0.0
2.384185791015625e-07
2.384185791015625e-07
-5.960464477539063e-08
2.384185791015625e-07
4.76837158203125e-07
5.364418029785156e-07
4.172325134277344e-07
2.980232238769531e-07
5.960464477539062e-07
2.384185791015625e-07
1.7881393432617188e-07
3.5762786865234375e-07
-433437.63892018795
-414264.5676461458
-395837.3826908469
-374650.38277465105
-357571.2906848788
-341159.08838772774
-325346.6754934788
-310312.0459432006
-295777.1241854429
-281367.5983233452
-267747.44495105743
-254549.8778693676
-241862.92727029324
-229675.6853146553
-218002.84760648012
-206827.41431868076
-196138.39743959904
-185167.299277246
-175140.70631307364
-168032.0501448512
1.1920928955078125e-07
-5.960464477539063e-08
1.7881393432617188e-07
2.384185791015625e-07
2.384185791015625e-07
0.0
-13196643.540361404
-12890669.746428877
-12590181.610764563
-12305017.445955545
-12029077.961547256
-11761013.690158695
-11499992.962915748
-11245667.60271269
4.172325134277344e-07
3.8743019104003906e-07
4.470348358154297e-07
4.172325134277344e-07
1.2516975402832031e-06
5.960464477539062e-07
5.066394805908203e-07
5.364418029785156e-07
1.6987323760986328e-06
1.519918441772461e-06
6.258487701416016e-07
6.556510925292969e-07
6.556510925292969e-07
5.960464477539062e-07
5.662441253662109e-07
5.364418029785156e-07
2.294778823852539e-06
2.294778823852539e-06
5.960464477539062e-07
7.748603820800781e-07
7.748603820800781e-07
7.450580596923828e-07
1.1920928955078125e-07
2.384185791015625e-07
2.980232238769531e-07
-6269491.914999425
-6125877.305674374
-5985158.39056465
-5847114.718948007
-5710824.908433378
-5576852.245804131
-5444609.199532896
-5316646.975685477
-5191412.089066297
-5068504.5313744545
-4947754.167406082
-4829332.261912823
-4712253.8027563095
-4602522.929283887
-4490959.795344859
-4381576.810905814
-4274364.147577286
-4169245.4124357104
-4066184.4774415195
-3964657.136933714
-3865602.972664416
-3768498.9439343214
-3672985.2874236703
-2522635.8623009324
-2453020.7721344233
-2384434.925582826
-2317143.042740822
-2251261.9736508727
-2186773.5467464924
-2123662.2953698635
-2061898.039484024
-2001466.8054388762
-1942348.6983839273
1.7881393432617188e-07
0.0
0.0
5.960464477539063e-08
5.960464477539063e-08
-1.1920928955078125e-07
-1.1920928955078125e-07
3.5762786865234375e-07
4.76837158203125e-07
2.384185791015625e-07
6.556510925292969e-07
4.172325134277344e-07
3.5762786865234375e-07
1.7881393432617188e-07
-495023.0810262561
-474038.2439390421
-453727.85479837656
-434165.4253286123
-415175.11925297976
-396894.3209040761
-375943.94612395763
-359041.4970049858
-342687.12583613396
-327044.6666380167
-312106.51922756433
-297544.1881557703
-283621.06176531315
-269953.59529829025
-256832.13944125175
-244215.33015191555
-232072.74579900503
-220450.73308885098
-209308.48511010408
-198646.0506798029
-187749.89755052328
-177736.27117836475
-5.960464477539063e-08
1.7881393432617188e-07
-5.960464477539063e-08
5.960464477539063e-08
-5.960464477539063e-08
5.960464477539063e-08
1.1920928955078125e-07
-13592916.606400639
-13287713.961187169
-12986088.672218755
-12687355.068279743
-12404388.476853073
-12130615.571238756
-11864666.290121913
-11605677.97438395
4.172325134277344e-07
4.172325134277344e-07
3.8743019104003906e-07
4.172325134277344e-07
1.2218952178955078e-06
5.364418029785156e-07
5.066394805908203e-07
1.4603137969970703e-06
1.4901161193847656e-07
5.960464477539062e-07
5.662441253662109e-07
6.854534149169922e-07
6.258487701416016e-07
6.258487701416016e-07
1.3709068298339844e-06
4.76837158203125e-07
2.3245811462402344e-06
5.364418029785156e-07
5.364418029785156e-07
7.152557373046875e-07
8.344650268554688e-07
7.748603820800781e-07
1.4901161193847656e-07
-6843565.513902962
-6691225.802963853
-6541785.306455344
-6395219.44073683
-6251469.878663391
-6110426.440045446
-5972181.206161648
-5836147.759829462
-5701656.506066859
-5570165.931123227
-5441319.710511893
-5314667.523447156
-5191339.323333979
-5070056.596645206
-4951115.50876686
-4834463.415547907
-4719045.7007211745
-4610841.622154653
-4500825.6677953005
-4392890.158961624
-4287065.930512875
-4183260.3190549016
-4081440.311473936
-3981582.6934453845
-3883644.6317620575
-3787597.469126463
-3692380.5007571876
-3599266.601749122
-2696100.9039690495
-2623937.94115144
-2552674.890478492
-2482856.260423839
-2414474.75056082
-2347499.905793369
-2281900.7272868752
-2217671.942308426
-2154780.33560133
2.384185791015625e-07
1.1920928955078125e-07
1.1920928955078125e-07
0.0
1.7881393432617188e-07
0.0
5.960464477539063e-08
-1.1920928955078125e-07
1.1920928955078125e-07
3.5762786865234375e-07
4.76837158203125e-07
5.364418029785156e-07
3.5762786865234375e-07
4.172325134277344e-07
-562748.7384105325
-539835.7370639443
-517656.63307750225
-496170.56000351906
-475403.74014025927
-455298.32663726807
-435868.06544804573
-417062.4501931071
-398998.1238870621
-378187.62294626236
-361347.0398167372
-345147.67602038383
-329606.0879010558
-314616.70752477646
-300472.61210525036
-286431.8803678155
-272903.52998262644
-259821.79843437672
-247254.26922118664
-235141.18720817566
-223519.58728456497
-212394.6884765625
-201725.97538298368
-191515.80970203876
-180859.2693195939
0.0
3.5762786865234375e-07
-1.1920928955078125e-07
2.980232238769531e-07
0.0
1.1920928955078125e-07
-124583.47749173641
-14001207.085211575
-13695507.662240684
-13393291.744554758
-13095634.771116853
-12798056.241580889
-12516556.569035783
-12244509.69626394
-11980215.424484521
4.76837158203125e-07
4.470348358154297e-07
4.172325134277344e-07
1.2516975402832031e-06
5.960464477539062e-07
5.066394805908203e-07
5.364418029785156e-07
7.450580596923828e-07
1.5497207641601562e-06
5.960464477539062e-07
6.258487701416016e-07
6.854534149169922e-07
5.662441253662109e-07
6.556510925292969e-07
1.4901161193847656e-06
5.066394805908203e-07
2.4139881134033203e-06
5.960464477539062e-07
5.662441253662109e-07
7.152557373046875e-07
-7615979.163754433
-7451312.884048998
-7289746.414207041
-7131287.163394332
-6975843.377194703
-6823377.191603422
-6673752.818934023
-6526967.775326669
-6382918.49903208
-6241612.930322558
-6102958.969299972
-5966906.877875984
-5832186.496262103
-5700059.328474373
-5570631.40670386
-5443773.5495378375
-5319295.634699583
-5197519.180768371
-5077954.79638195
-4960696.211022884
-4845653.604221165
-4731997.455821812
-4625970.716378689
-4516252.946350366
-4409638.527265638
-4305022.67816624
-4202408.692246199
-4101716.5663588047
-4002926.1323281527
-3906014.660103202
-3810919.187970519
-3717634.0136597157
-3626125.698648542
-3536364.666290462
-2954422.251468122
-2877623.127758354
-2802314.172393441
-2728508.6112617254
-2656154.350015998
-2585234.2101081014
-2515738.9647448063
-2447633.9911652803
-2380922.2802562118
5.960464477539063e-08
1.1920928955078125e-07
5.960464477539063e-08
1.7881393432617188e-07
1.1920928955078125e-07
2.384185791015625e-07
5.960464477539063e-08
1.1920928955078125e-07
2.384185791015625e-07
1.1920928955078125e-07
4.76837158203125e-07
4.76837158203125e-07
5.364418029785156e-07
3.5762786865234375e-07
-636694.7195509672
-611865.1607185602
-587756.5025655627
-564402.7539470196
-541746.5541069508
-519775.5169350505
-498487.2708647847
-477882.19628477097
-457939.2197546363
-438682.26234060526
-419981.02367579937
-402060.8164598942
-384614.312728703
-364662.3986829519
-348564.2433911562
-332986.7573660016
-317930.88807046413
-303564.3009055853
-289995.87410992384
-276569.560985744
-263511.17836654186
-250953.49882638454
-238844.54265099764
-227225.72123736143
-216075.39874702692
-205383.1531857252
-195140.52608305216
-184514.9853093624
0.0
-1.1920928955078125e-07
-5.960464477539063e-08
0.0
5.960464477539063e-08
0.0
-127822.56538838148
-120942.93537825346
-14422122.29284674
-14115539.966718033
-13812335.041916505
-13513122.16217336
-13218834.580897182
-12922140.295718253
-12641506.967274934
-12370568.442286983
4.6193599700927734e-07
4.76837158203125e-07
5.066394805908203e-07
1.3113021850585938e-06
5.662441253662109e-07
4.76837158203125e-07
5.960464477539062e-07
1.4901161193847656e-07
6.854534149169922e-07
6.854534149169922e-07
5.960464477539062e-07
6.258487701416016e-07
7.152557373046875e-07
7.152557373046875e-07
5.960464477539062e-07
4.172325134277344e-07
2.384185791015625e-06
6.556510925292969e-07
-8268921.302166432
-8094396.715440869
-7923179.616950065
-7755237.86817506
-7590474.123182505
-7428765.697864652
-7270168.735329032
-7114503.084656
-6961785.473771691
-6811877.503642261
-6664742.827045709
-6520364.93095845
-6378646.75742498
-6239512.978020638
-6102993.844693661
-5968591.684571326
-5835664.916282177
-5705447.920218289
-5583959.858566493
-5452942.328295082
-5330345.265417814
-5210036.765393078
-5092038.901358783
-4976231.365148008
-4862588.046574622
-4754769.908272088
-4645750.521649629
-4537039.674211949
-4431579.236094862
-4328090.506062686
-4226528.003298253
-4126839.538927138
-4029012.504492849
-3933004.1202282906
-3838781.6991851926
-3746296.1731494665
-3655551.327362478
-3566506.180892974
-3479122.3386084735
-3145811.573810518
-3066392.328730434
-2988498.3971316814
-2912103.219060242
-2837192.1755368114
-2763708.132519692
-2691661.386506051
1.7285346984863281e-06
1.1920928955078125e-07
0.0
2.384185791015625e-07
0.0
0.0
5.960464477539063e-08
1.7881393432617188e-07
-1.1920928955078125e-07
5.960464477539063e-08
0.0
1.7881393432617188e-07
4.76837158203125e-07
4.172325134277344e-07
-717078.4717072248
-690290.1237013936
-664255.6591061354
-638929.9540518522
-614363.0056984425
-590492.3416287899
-567331.8062320948
-544886.2857027054
-523085.9697160721
-501970.1242710948
-481495.2301814556
-461667.38436573744
-442522.00014936924
-423932.93920218945
-406022.5837173462
-388788.5520853996
-368822.9948718548
-352765.03155082464
-337198.9143728614
-322193.6328801513
-307881.50564706326
-294024.2544322014
-280808.9772232771
-267896.6048659086
-255326.66046833992
-243203.9310940504
-231541.06831395626
-220361.45943790674
-209627.20673668385
-199329.93416839838
-189463.46030557156
0.0
-1.1920928955078125e-07
0.0
-154636.22743934393
-146522.76684385538
-138843.00835090876
-131476.3931592703
-124501.92364704609
-14853242.721025527
-14546434.261915103
-14243715.24325183
-13942784.626050457
-13646478.306612298
-13355304.570654571
-13060927.777595818
4.917383193969727e-07
4.76837158203125e-07
4.470348358154297e-07
1.4156103134155273e-06
5.662441253662109e-07
6.109476089477539e-07
5.513429641723633e-07
6.854534149169922e-07
1.1920928955078125e-07
6.854534149169922e-07
6.258487701416016e-07
7.152557373046875e-07
6.556510925292969e-07
6.854534149169922e-07
1.430511474609375e-06
5.066394805908203e-07
-9148574.071159303
-8959877.432851613
-8774833.950407743
-8593403.35986358
-8415363.131620377
-8240771.738533437
-8069456.421212912
-7901286.019557893
-7736359.828512847
-7574430.525509059
-7415572.339329898
-7259593.413594633
-7106474.086937606
-6956173.960884929
-6808632.979224145
-6663792.3521642685
-6521562.155797154
-6381939.934263945
-6244821.799226999
-6110222.4980914295
-5976983.212271392
-5845925.8743276
-5723652.577340394
-5591819.032432646
-5474428.023240119
-5347389.687307268
-5228577.883356333
-5111976.848063052
-4997507.094408572
-4885129.085259378
-4779309.341366351
-4670899.453470677
-4562967.44745481
-4458604.7208714485
-4356090.796936214
-4255470.982522845
-4156682.703167051
-4059712.8721648455
-3964477.5015257895
-3871022.190839559
-3779263.1245770454
-3689189.326433718
-3600752.224433452
-3513973.1350620687
-3428787.6732482016
-3345191.1446503103
-3263135.8511783183
-3182625.4056453407
-3103616.4671877623
-3026097.0600140095
-2950038.3425002396
1.7285346984863281e-06
1.5497207641601562e-06
1.8477439880371094e-06
1.1920928955078125e-07
2.384185791015625e-07
1.1920928955078125e-07
2.980232238769531e-07
0.0
5.960464477539063e-08
5.960464477539063e-08
0.0
1.1920928955078125e-07
1.7881393432617188e-07
3.5762786865234375e-07
-804181.003092289
-775368.4532516003
-747303.2955818176
-720006.0327701569
-693442.6111474037
-667652.1444445848
-642572.4974225163
-618186.7627030015
-594491.037198782
-571489.5755598545
-549180.7989134192
-527549.2716504335
-506533.10517299175
-486156.78843963146
-466477.03600537777
-447412.07977318764
-428931.7071879506
-411006.6925036907
-393706.8082950115
-377025.78947240114
-357668.98514539003
-342247.4478186965
-327283.2437337041
-313023.3766219616
-299009.00075280666
-285638.56403917074
-272870.4593991041
-260371.27762788534
-248219.33512556553
-236505.63885712624
-225251.0197263956
-214448.61070501804
-204079.42683756351
-194130.82325863838
5.960464477539063e-08
0.0
0.0
-159093.6047065258
-150882.56720113754
-143045.47148787975
-135557.6301909685
-128461.30759090185
-15299403.007901639
-14989474.286946028
-14684563.679548636
-14384979.499263257
-14086213.617011234
-13793061.160717309
-13503234.454946369
4.470348358154297e-07
4.6193599700927734e-07
4.917383193969727e-07
1.341104507446289e-06
6.109476089477539e-07
5.811452865600586e-07
6.407499313354492e-07
1.8924474716186523e-06
1.6838312149047852e-06
6.705522537231445e-07
7.003545761108398e-07
6.407499313354492e-07
7.152557373046875e-07
-10095793.666131437
-9891549.078477293
-9691410.152534008
-9495203.843142897
-9302777.82669875
-9114007.418025821
-8928970.79753092
-8747345.270709068
-8569119.874145389
-8394299.773003995
-8222739.634786785
-8054320.593819976
-7889021.11662221
-7726771.838065326
-7567474.804844558
-7411078.104556859
-7257492.406100184
-7106737.893735647
-6958662.859125674
-6813239.789237678
-6670486.810077816
-6530249.771978229
-6392498.521562368
-6257238.457601547
-6124352.984307855
-5992128.950332493
-5862845.136103839
-5742203.59852612
-5617938.446910679
-5496001.961078674
-5370380.267682403
-5252890.156723857
-5137547.560333937
-5024298.945104599
-4913038.419969261
-4803798.4694285095
-4701527.392285854
-4595137.744135141
-4490496.915730268
-4388895.629532456
-4289089.531570703
-4191103.491795182
-4094854.2084588706
-4000341.202252835
-3907531.0950162113
-3816399.009135753
-3726891.7018858194
-3639018.035139233
-3552735.604556322
-3468022.8975683153
-3384858.2781730294
-3303207.7069717348
-3223061.884744346
1.6689300537109375e-06
1.6093254089355469e-06
1.6689300537109375e-06
5.960464477539063e-08
1.1920928955078125e-07
5.960464477539063e-08
1.7881393432617188e-07
5.960464477539063e-08
1.7881393432617188e-07
0.0
3.5762786865234375e-07
-5.960464477539063e-08
-5.960464477539063e-08
-898004.5305428505
-867235.2858388424
-837141.9119291306
-807826.645109117
-779282.707072854
-751459.6429156661
-724386.4217095375
-698043.2993795276
-672428.1554597616
-647519.0583412051
-623287.637343049
-599742.8598331213
-576923.714067936
-554686.0708661675
-533150.5830802917
-512218.16836351156
-491934.757843554
-472351.1528939009
-453245.01912122965
-434827.018027246
-416965.920122385
-399732.2751533985
-383064.0380859375
-363723.1147631407
-348144.0833301544
-333161.7665064335
-318633.58147609234
-304734.94353693724
-291358.5792031288
-278482.0054670572
-265741.4470128417
-253888.8218010664
-242098.18459373713
-230766.59230726957
-219874.92129051685
-209410.23315238953
-199363.04707580805
-5.960464477539063e-08
0.0
0.0
-163954.9386523962
-155655.46257573366
-147721.68205714226
-140097.3424692154
-132874.5825510025
-126017.95114445686
-15748901.510377988
-15445839.771664158
-15140057.62391445
-14836532.415136352
-14539487.221663773
-14243333.882934377
-13951885.786737114
5.21540641784668e-07
4.917383193969727e-07
4.6193599700927734e-07
1.773238182067871e-06
5.811452865600586e-07
5.811452865600586e-07
1.5944242477416992e-06
1.1920928955078125e-07
7.152557373046875e-07
7.003545761108398e-07
7.301568984985352e-07
-10896588.9630761
-10679458.587897286
-10466765.780526593
-10258372.958826587
-10054105.136738002
-9853844.663415253
-9657472.641100466
-9464915.574487448
-9275937.35677898
-9090606.064421564
-8908750.195610493
-8730219.489735663
-8555040.553059995
-8383145.147889733
-8214285.1250324845
-8048536.633821011
-7885840.055048525
-7726014.93887651
-7569067.9517736435
-7414946.331534982
-7263558.488882154
-7114893.641676903
-6968869.262889028
-6825386.748722941
-6684445.901040226
-6546026.121007621
-6409987.498776257
-6276398.145152628
-6144439.558554679
-6013841.268748224
-5892140.305732995
-5766888.397008568
-5644043.040719122
-5523429.645924836
-5404991.882396549
-5288697.275211573
-5168528.595838517
-5056328.04421398
-4946110.790700138
-4837831.753110677
-4734763.280916005
-4631311.115670919
-4527124.228550136
-4426330.566993564
-4327291.910662651
-4229985.427802831
-4134381.3587847054
-4040473.776935011
-3948231.8911242783
-3857633.1462833285
-3768634.1569992304
-3681213.3821076453
-3595365.873373717
-3511057.1666680872
-3428246.9537004232
1.9073486328125e-06
1.7285346984863281e-06
1.7881393432617188e-06
1.6093254089355469e-06
1.7881393432617188e-06
0.0
5.960464477539063e-08
1.1920928955078125e-07
5.960464477539063e-08
2.384185791015625e-07
1.1920928955078125e-07
3.5762786865234375e-07
-1.1920928955078125e-07
-998473.9700554609
-965449.1688495874
-933698.4807308912
-902544.387137115
-871947.7762167454
-842104.6948515177
-813023.9648247957
-784685.1685366035
-757081.6199576259
-730201.5744421482
-704028.2641174793
-678540.5533924103
-653755.5254234076
-629654.3586834073
-606227.0726642609
-583447.3904493451
-561345.8918238878
-539862.210241735
-519013.3946971297
-498770.40974390507
-479158.360599041
-460060.0461052656
-441682.3298369646
-423801.4139261246
-406521.83502829075
-389828.81854343414
-373683.3799645901
-354840.3447958231
-339734.06456005573
-325247.5538057685
-311277.70522660017
-297752.95920312405
-284726.46539086103
-272136.96363437176
-260166.5278161764
-248342.49541431665
-236908.2327991128
-225905.0578880906
-215328.40863138437
-205173.71093142033
5.960464477539063e-08
-184965.8250389099
-178341.95021623373
-169365.72315853834
-160990.2799448371
-152852.498565495
-145138.83956050873
-137760.59844869375
-130729.68529570103
-15909354.94946587
-15604290.64949897
-15303865.0072207
-15001857.598521426
-14706334.705609888
-14413623.535883278
5.21540641784668e-07
4.6193599700927734e-07
1.475214958190918e-06
2.16066837310791e-06
6.705522537231445e-07
6.258487701416016e-07
7.748603820800781e-07
1.7285346984863281e-06
-11985104.098677501
-11748337.35724461
-11516757.840980008
-11290258.857771397
-11068379.65292959
-10851145.287884295
-10638250.138296783
-10429602.529920802
-10225110.29517138
-10024595.178127423
-9827937.811564818
-9635000.87454696
-9445687.105273575
-9259964.30761221
-9077674.590132236
-8898697.847408503
-8723088.812546343
-8550605.062133849
-8381257.901839763
-8214953.05196321
-8051601.741034418
-7891203.206494182
-7733656.993456721
-7578889.417850703
-7426814.341576397
-7277405.027152389
-7130645.757192612
-6986427.334617555
-6844721.3478296995
-6705480.449279755
-6568655.90402016
-6434184.077531248
-6302063.54102838
-6170886.674218416
-6041836.436645269
-5921515.834213197
-5797589.407805651
-5675987.417650282
-5556546.0007824
-5439198.458885014
-5323941.104661882
-5210707.673277527
-5093570.280578852
-4984227.7764258385
-4876829.478883952
-4771249.683644265
-4667269.08097741
-4569726.842538923
-4468310.650320977
-4369907.643246502
-4273212.468287647
-4178168.169460386
-4084805.2415189147
-3993050.5514771044
-3902889.7460261285
-3814309.1622356474
-3727287.4801401794
-3641799.2709204257
-3557803.600488931
-3475274.5388637185
-3394224.081874132
1.9371509552001953e-06
1.9371509552001953e-06
1.817941665649414e-06
1.6093254089355469e-06
1.8477439880371094e-06
1.817941665649414e-06
1.1920928955078125e-07
2.086162567138672e-07
-5.960464477539063e-08
1.4901161193847656e-07
5.960464477539063e-08
5.960464477539063e-08
5.960464477539063e-08
-1106426.4245414138
-1071401.6381319165
-1037202.1958866119
-1003656.6595237851
-970987.5126228333
-939743.8382305503
-908611.9149854183
-878247.9760680199
-848626.160830617
-819731.3675045371
-791563.7262647152
-764111.5200843215
-737389.6445320249
-569116.8421295881
-547682.2955535054
-526839.5211811662
-506639.69149929285
-487018.8948967457
-467967.9349119067
-449522.44076126814
-431612.87145507336
-414243.56318068504
-397447.22006624937
-381193.46728491783
-362436.05285680294
-347237.4676042795
-332646.23808151484
-318536.79029423
-304982.97403007746
-291840.49035543203
-279117.86415427923
-266807.612780571
-255238.07821512222
-243689.6080633402
-232564.86910039186
-221863.64921730757
-211566.84813648462
-201672.33191514015
-192169.7546620369
-183037.75336271524
-16401461.347850025
-16084565.450519696
-15775189.8184454
-15480077.680750698
-15180873.87095426
-14885845.09046796
5.21540641784668e-07
1.475214958190918e-06
1.8477439880371094e-06
6.407499313354492e-07
6.407499313354492e-07
-13180395.264549702
-12915782.801445246
-12659639.696667388
-12410514.988376543
-12167545.70724468
-11930268.537116125
-11698389.403599545
-11471452.570761561
-11249269.573753923
-11031640.399639532
-10818411.920631737
-10609450.96195148
-10404495.71858567
-10203576.552329019
-10006443.5924896
-9813071.125825211
-9623271.393150702
-9437011.431463853
-9254128.487140045
-9074593.90246731
-8898361.567305684
-8725247.753977671
-8555266.440159738
-8388295.232245922
-8224253.267300159
-8063130.365439683
-7904833.375426263
-7749278.226188809
-7596437.49900955
-7446252.687348068
-7298665.824205458
-7153611.942588925
-7011073.573328614
-6870918.570813507
-6733169.0718694925
-6597783.046501577
-6464701.29978624
-6333939.913177788
-6203726.207824141
-6075966.60550338
-5956837.714058936
-5834075.0482984185
-5713539.86841622
-5595113.798020393
-5478791.32461381
-5364469.21564886
-5252126.678108633
-5141702.594473004
-5033163.404157579
-4920611.047964722
-4815761.630551964
-4712708.585247397
-4616142.722723365
-4515698.333072394
-4416875.260605991
-4320693.393193781
-4226146.137218535
-4133204.6254674494
-4041872.507871479
-3952111.649775684
-3863867.5708513856
-3777150.289852798
-3691943.963149667
-3608200.670447618
-3525926.4952620864
-3445057.363647938
5.662441253662109e-07
1.9073486328125e-06
1.9073486328125e-06
1.996755599975586e-06
1.817941665649414e-06
1.817941665649414e-06
1.8477439880371094e-06
1.4901161193847656e-07
1.7881393432617188e-07
2.682209014892578e-07
1.7881393432617188e-07
1.4901161193847656e-07
2.9802322387695312e-08
-1221171.4292057157
-1184162.0519237518
-1147948.3344254196
-1112506.2920573056
-1077885.4378070235
-1043849.0079863966
-1011074.8750114441
-978872.82033059
-947200.5470167994
-916288.9805774093
-886096.214330554
-856648.1273029745
-827907.6836178303
-799875.5405573845
-772557.5375008583
-745937.0649669766
-719971.8199400902
-694704.0125148296
-670076.3654705286
-646099.0989538431
-622798.0508257151
-600105.882831037
-578034.6850283146
-556585.4195360541
-535776.8686152697
-515570.40298110247
-495860.30777716637
-476798.66640245914
-458264.1489536762
-440376.3340012431
-422897.61772692204
-406106.88125532866
-389737.7472947836
-373979.6311828494
-358691.4697031379
-340782.66386049986
-326580.2949937582
-312919.3872087002
-299605.8498431444
-286740.9031960964
-274362.2692693472
-262462.4026654959
-16588213.410595149
-15962267.845302567
-15667677.861130148
-15372823.375085354
5.21540641784668e-07
1.5348196029663086e-06
-14502875.132536203
-14218709.590440318
-13937635.641569316
-13661288.313991487
-13380661.828494519
-13112146.078803912
-12854454.360979155
-12604182.558010831
-12360345.417182758
-12122357.202481315
-11889677.227260947
-11662163.031940117
-11439391.070503414
-11221196.633237362
-11007350.271029249
-10797749.1506297
-10592262.03448996
-10390758.296619132
-10192982.089053988
-9998911.700568259
-9808509.474202976
-9621551.224696413
-9438040.548964545
-9257803.39313306
-9080817.136473522
-8906994.445495114
-8736274.537550598
-8568499.388766363
-8403657.637901649
-8241752.435727775
-8082574.871559963
-7926154.19605577
-7772470.693202496
-7621400.273077607
-7472883.4470359385
-7326888.669479817
-7183385.255602807
-7042288.855345011
-6903587.061998397
-6767230.384175003
-6633152.733638883
-6501319.5295731425
-6371769.640626609
-6242522.938257545
-6121869.839752555
-5997853.289313912
-5876103.494369179
-5756562.38848719
-5639065.2563917935
-5523628.172863096
-5410112.159146398
-5298549.531001359
-5188851.688450098
-5081012.165922701
-4974972.415240616
-4864900.77759257
-4762408.790260881
-4661629.510457784
-4567132.134645402
-4467954.468436986
-4372352.9982225
-4278238.137148678
-4185656.744055867
-4094661.0458123386
-4005210.100020647
-3917235.6891554594
-3830776.3990736604
-3745795.7225119174
-3662237.5901652277
-3580124.5349148214
-3499396.238935083
-3420069.3575800657
4.172325134277344e-07
1.817941665649414e-06
1.9669532775878906e-06
1.8477439880371094e-06
1.9371509552001953e-06
1.8477439880371094e-06
1.9073486328125e-06
1.9073486328125e-06
1.4901161193847656e-07
1.1920928955078125e-07
0.0
1.1920928955078125e-07
-1343229.2963632345
-1304068.757961899
-1265552.235621512
-1228021.4545776844
-1191356.7294870317
-1155553.943563491
-1120289.606243372
-1086043.0112514496
-1052404.501854986
-1019641.1351706684
-987768.3533204496
-956268.2953245938
-925518.6016475856
-895475.3294298351
-866151.6367737353
-837538.2947944999
-809619.5648680925
-782374.9941850901
-755832.0743505955
-729922.1316830516
-704688.3940952122
-680116.0894404054
-656169.7217928767
-632858.4684909284
-610154.9040401578
-588082.0000708997
-566641.4943752885
-545753.2400244474
-525471.4168713093
-505762.09786620736
-486632.76309752464
-468030.16053396463
-450005.161454916
-432499.72990864515
-415615.5777013898
-399087.6041865349
-383250.94275301695
-367831.89508908987
-16166139.226831496
-15865060.627489164
-15576162.96907641
-15283287.258993357
-14994738.27416107
-14710861.766305223
-14426953.502289698
-14148100.645581052
-13871237.281764284
-13596478.828318149
-13321201.75493081
-13060893.137201726
-12808918.507707983
-12563791.265855402
-12324635.510742292
-12090969.362476632
-11862562.335311472
-11638927.999889478
-11419907.586491138
-11205281.335368171
-10994901.355086312
-10788677.621004805
-10586232.975586101
-10387741.852873996
-10192891.443234697
-10001672.504882783
-9813892.318051666
-9629548.266870096
-9448469.162665412
-9270610.987583667
-9095952.176196411
-8924314.545412973
-8755663.3533836
-8589955.324035063
-8427086.873052835
-8267018.749984741
-8109653.252583265
-7954975.7922308
-7802925.383772582
-7653438.72248292
-7506468.15073657
-7361986.423453122
-7219843.271309823
-7080095.22820282
-6942722.655215979
-6807559.452041656
-6674683.316647738
-6543951.950304508
-6415474.367398471
-6287143.735505909
-6167511.856398016
-6044430.265705466
-5923600.068223447
-5804840.059301704
-5688189.46926254
-5573491.7284066975
-5460714.34593308
-5349826.764212847
-5240789.623879015
-5133530.74848333
-5028066.852201015
-4924338.477296263
-4816541.793728381
-4716225.301446706
-4620865.151896715
-4525139.290821284
-4427999.683965445
-4334314.332889885
-4242089.208716273
-4151340.399637401
-4062129.955499023
-3974376.7079384923
-3888113.7225277424
-3803275.7238917947
-3719850.3776646256
-3637836.8628362715
-3557206.225708157
-3477931.357226014
-3399995.360423386
3.2782554626464844e-07
3.5762786865234375e-07
1.996755599975586e-06
2.115964889526367e-06
1.8477439880371094e-06
1.9669532775878906e-06
2.0563602447509766e-06
1.9669532775878906e-06
2.0265579223632812e-06
2.682209014892578e-07
8.940696716308594e-08
2.682209014892578e-07
-1472953.4042735398
-1431584.218345195
-1390991.8989195824
-1351142.004421562
-1312309.396430701
-1274215.3170843124
-1236916.592152238
-1200550.4330478013
-1164771.2086661458
-1129898.17294392
-1095827.7739455104
-1062475.8754595816
-1029790.0044487119
-998037.8686312735
-966894.1293889284
-936271.4425700307
-906346.5275130272
-877122.589948982
-848589.2507353723
-820739.6637064219
-793552.6076731086
-767030.4879871011
-741177.0716843605
-715955.3082996607
-691379.9731336534
-667415.1614516973
-644095.3402699232
-621369.1913533807
-599242.2993740737
-577741.6425201595
-556806.5285965204
-536447.5515685081
-516665.01702553034
-19030731.742465585
-18668436.406294942
-17985852.8757931
-17650308.95099038
-15789566.170113787
-15501038.08778575
-15212171.806343049
-14929101.785111621
-14648037.813352764
-14368749.852685839
-14092629.95990944
-13821207.666844234
-13545927.95971778
-13279344.722879454
-13024947.538172767
-12777939.643309474
-12537323.580437616
-12302408.277852997
-12072682.985161737
-11848002.292664915
-11627942.352426082
-11412316.806585163
-11200902.588622048
-10993666.879177064
-10790326.974631846
-10590828.584904239
-10394989.288239598
-10202785.098906904
-10014091.768689841
-9828741.627401441
-9646735.660792142
-9467902.441293359
-9292228.04597348
-9119606.31021136
-8949962.408617109
-8783223.961620063
-8619349.76285085
-8458231.766806781
-8299865.36746639
-8144153.3681333065
-7991025.777040213
-7840460.827415183
-7692415.0283495635
-7546826.746168628
-7403613.52312699
-7262810.660188347
-7124263.365395099
-6987983.542216629
-6853950.577260464
-6722097.939875603
-6592411.772778541
-6464882.8136354685
-6337475.504889309
-6218656.258951604
-6096380.740824103
-5976344.729391754
-5858359.95200482
-5742386.358776659
-5628372.672488272
-5516193.331756651
-5405880.308396995
-5297394.861455232
-5190651.968238533
-5085660.200289696
-4982377.611694127
-4880779.2147524655
-4775058.424288094
-4676770.326101065
-4580049.057146579
-4489531.326477826
-4394259.519604683
-4302346.727663606
-4211852.60016349
-4122820.6577343643
-4035229.701272905
-3949094.3861477077
-3864340.958404422
-3781022.1077530384
-3699048.776060879
-3618446.746702373
-3539184.1253546476
-3460980.972589791
-3384139.3021922708
4.172325134277344e-07
2.682209014892578e-07
3.2782554626464844e-07
5.662441253662109e-07
2.0563602447509766e-06
1.9371509552001953e-06
2.086162567138672e-06
2.086162567138672e-06
2.086162567138672e-06
1.996755599975586e-06
2.0563602447509766e-06
8.940696716308594e-08
-1610513.7648293078
-1566786.3690667152
-1523918.1472876966
-1482066.5552208126
-1440877.3784217238
-1400667.4580984116
-1361234.3838772178
-1322545.796383977
-1284782.090458393
-1247755.8383475244
-1211422.0079488456
-1175874.73411569
-1141257.1189062595
-1107325.1727492511
-1074031.2119120657
-1041635.0361422598
-1009742.58007887
-978734.3134652674
-948502.6781709194
-918690.4437106252
-889541.8937989473
-861051.4520769119
-833228.1825796366
-806071.1174371839
-779559.4463630915
-753692.3603177667
-728472.5151556134
-703877.1354340613
-679906.0026135445
-20006999.483114637
-19260054.116235837
-18545559.032981083
3.337860107421875e-06
3.4123659133911133e-06
-16308713.292845279
-16011833.54783152
-15729036.470887542
-15442131.277820706
-15158390.16131489
-14879723.202458173
-14600716.833027244
-14326111.34709081
-14053291.442504928
-13784014.95523411
-13510961.725594416
-13252685.680822983
-13003190.967961207
-12760637.265642375
-12524048.510957822
-12292892.888856485
-12066725.306001946
-11845391.842298761
-11628481.189217702
-11415868.737630919
-11207445.812031582
-11002947.693926603
-10802312.801344723
-10605374.004512161
-10412075.389769554
-10222313.519565582
-10035828.951391071
-9852663.550725862
-9672745.493573144
-9495955.402979553
-9322231.295191273
-9151498.301460117
-8983629.8257097
-8818621.176647395
-8656433.612676501
-8496886.922622025
-8340010.455209985
-8185794.7647740245
-8034050.024236709
-7884872.530010402
-7738089.843524516
-7593707.580081314
-7451674.066535905
-7311966.245647714
-7174493.103452086
-7039256.586231008
-6906233.588108137
-6775312.4475981295
-6646513.601523176
-6519709.143363386
-6393315.157078832
-5801483.668854296
-5688011.996845126
-5576396.405412912
-5466596.179296643
-5358576.923060298
-5252265.138925314
-5147676.310171932
-5044778.046037495
-4943515.317669153
-4843872.804895401
-4745823.332511246
-4643619.645480633
-4548703.783247262
-4460094.84842661
-4366387.010620058
-4276107.175274581
-4187229.887818724
-4099755.2375566065
-4013676.50431633
-3928996.634147346
-3845692.9402300715
-3763737.492614299
-3683099.323469639
-3603813.361777693
-3525565.3841056526
-3448506.2154385746
-3372766.5866200626
4.470348358154297e-07
2.682209014892578e-07
5.066394805908203e-07
4.172325134277344e-07
2.1457672119140625e-06
1.9669532775878906e-06
2.115964889526367e-06
1.8775463104248047e-06
2.175569534301758e-06
2.0265579223632812e-06
1.9073486328125e-06
-5.960464477539063e-08
-1710050.1348910928
-1664892.5288554728
-1620781.860405922
-1577365.7395786345
-1534859.0745781362
-1493188.1379680336
-1452439.7548925877
-1412413.703967154
-1373151.8169952035
-1334717.1230432987
-1297080.320590198
-1260146.0347332656
-1224161.0021721125
-1188849.4988973737
-1154224.4133104086
-1120270.9975023866
-1087334.3682464361
-1054966.920292914
-1023293.3980364501
-992271.5010839105
-962062.318407476
-932463.1220831573
-903349.835906744
