22.492867705116836
22.984813660620144
22.663767824279596
24.48339661930478
25.18109906259344
24.709624357862996
24.07953942832884
26.088971272402663
25.661649625099763
25.10499694404351
24.463924897738597
24.352671962698174
26.540932356102044
26.095302492994467
25.51233937236136
25.160217375597426
24.72200915204024
24.358580560735664
27.514389455148255
26.779260637849355
26.29191711641372
26.04826894686049
25.309110653170034
25.004325214082296
24.82286974027141
27.773989166158486
27.125968123080604
26.73000158839263
26.08452904531961
25.7714338165768
25.372726083103686
25.23840957528625
24.848584127028715
26.446265477596874
26.17655097940601
25.85472970253289
25.286291096213823
24.955861744479662
25.74746259510004
25.32275143786202
25.37150127264696
33.37133934335472
31.910094203910113
30.523466798696653
29.505157889451574
28.598862139827872
28.33460316711565
27.61591857516364
27.035654061891744
26.717683684199905
26.19827464859777
25.94315908759066
25.54969012552005
37.115165414081616
35.407701983600276
33.08419051900433
32.159179594990654
30.984210902251032
29.87688610618325
28.890422534353046
28.32597436510948
27.93307373925093
27.3539325002331
26.88839236385752
39.319898494660045
37.15025858666458
35.51666566950252
33.26588563950909
32.39016308409845
31.14997732820159
30.15119316332786
29.328811063799904
28.56277098962021
41.176668984646675
36.844290824486556
35.40347789338225
33.42836781836678
32.016578221275985
31.455143272391712
30.386104573820916
45.70531914331656
43.413873985792506
41.16706541170239
39.39039520566235
37.07238375272726
35.80745528183206
33.562976711297715
47.611880801617666
45.164319561387174
42.79452111584681
40.87180981890728
38.75777459418588
52.49923757540122
49.524756573399365
47.074341205754266
44.912228029201984
57.26065108400565
54.344601196010416
51.655217684008605
48.933618242105595
46.55543757552423
44.4131876598837
42.28853114580895
59.01109132082334
56.12736799071859
53.4227345353141
50.87551319623099
48.21467872266521
46.221547905595834
43.69272453721324
42.041450353135616
40.26474610032459
38.389971066232555
36.78957077764729
35.55537336884028
34.53013966111256
32.760959848133
63.65030510634228
60.68115887206992
57.81188005367605
55.06230433702993
52.52898309587237
49.918252917079045
47.646491394479455
45.61692511845317
43.38493368912132
41.5067279557078
40.22741022273019
38.29125246341741
37.07905230298829
35.285706733729015
34.30680046637504
33.26465857302702
31.77465610677146
31.43872776094064
30.325960465044417
29.65816451733726
29.454236850193126
28.710721231970314
64.96795650387179
62.25253768907678
59.41938390967621
56.686107687500666
54.14796060661414
51.390506918449596
49.1633330926725
47.292103832481494
44.87140194190971
43.23711329912611
41.358276174504525
40.085154298999896
38.19413847352123
36.673529727712
35.67657757894122
34.471115072753015
33.243163270592625
31.944208247704957
31.070546439405483
30.782525998252307
29.91549253751712
29.303114410558976
28.83757968219963
28.484072269689435
28.00488947776434
27.805812593518237
27.337700259987663
27.13578946571682
27.109043680222488
66.40375325251777
63.75558584068628
60.94113351994432
58.240586362992126
55.7024025884358
53.047254042162784
50.71716780707113
48.53078765662243
46.56747247250895
44.46195429330465
42.616492953651
41.254784793495936
39.51884560930361
38.12447148971028
37.17577395411034
35.43761126001294
34.51665727038352
32.93059165543578
32.39565898134496
31.337745940307975
30.421789140405323
29.795913246135772
29.68987128880893
28.959845948747834
28.722899395289076
28.329400487740003
27.921522637278944
27.571700118488877
27.33375350390551
27.26918714013027
26.592943445352958
26.43632477334215
26.265034266331178
65.16363360907323
62.39837525421251
59.72872274992132
57.13818311991073
54.71954524898565
52.10292549876769
49.97474584369162
48.1530354388682
45.73614160751607
44.09697128948755
42.43733087577871
41.15650231710396
39.30486623556739
38.064870341907245
34.63569263093066
33.470349651477406
32.45309501535507
31.410982048620845
30.807777753047787
30.143901904863757
29.855040041591018
29.399654688139364
28.928866448119148
28.398764289101578
28.09999718968778
27.799975211283385
27.46291359415997
27.499676460722565
27.084698177342062
26.512932406877383
26.445962535025455
66.50374961796425
63.80302176881726
61.148671926658
58.58771546411836
56.163937632789164
53.83179217511378
51.34934837280195
49.208154893277325
47.476069982346125
45.43021960849811
43.60405748880743
42.24688838018147
40.545891559720616
39.10423458561988
38.36270777754883
31.772393677868486
31.132964026969624
30.356703926923533
29.858328016832488
29.35911932869635
29.02409652693651
28.64675996131524
28.285837699420377
27.93869628646924
27.61207587554602
27.077065224144665
26.84919432841115
26.747275456685344
26.62219658839323
26.39589656763406
67.79127057613549
65.1320695588125
62.51750110196251
59.97748619589473
57.54253448081583
55.193021284229935
52.960290048419346
50.72012164711855
48.9709155092251
46.69094561737595
45.1591613981623
43.380506048923934
41.75169728929026
40.429344055750406
39.659243523922505
30.136042716657762
29.55578683690895
28.894181296702257
28.865810391080892
28.329565896020675
28.337752686890255
27.978062684151688
27.27279528320975
27.07553973947051
26.946058404046966
26.770532926696948
26.631240984297555
71.698210120888
69.03102113192874
66.41247185055809
63.844822598928076
61.320915441615995
58.911825619828804
56.61132436580466
54.424803994109645
52.168778349817195
50.27528550677325
48.348376997092075
46.24312344979944
44.86514647429202
43.240247701645835
41.55552030885478
40.1373323149524
39.54385911193315
28.8606350090022
28.323489146906233
28.122017595833405
27.694197691122216
27.303111044863265
27.024461363583285
26.94148480247468
26.762287765535124
72.84543413622417
70.23052452703433
67.64810908529735
65.12209783107811
62.63373538854173
60.22287419775632
57.94480158931206
55.510063873543
53.37998032361643
51.68616597202072
49.673306372053574
47.561088975176446
45.97577553508403
44.20875660308744
43.057521558818536
41.29071616974531
40.19506963011655
27.176434413222694
89.87277889464704
87.19239116771656
84.51457579194826
81.85581630910387
79.20911210093885
76.56956048386174
73.9663230823611
71.38797715802869
68.8479363026532
66.3574982655017
63.91715955174526
61.51803349834871
59.253318000481315
57.0357210093795
54.811060171912075
52.94314944033371
50.94382652725132
48.83151546738898
47.36174976413058
45.41348707936683
44.08244789989654
42.48513270107703
41.07895803931095
40.525162062730516
101.13092464756518
98.48642300335743
95.92528480369873
93.28594944480545
90.65125244412975
88.02310309707487
85.40546343260675
82.79592101557287
80.19169782234337
77.60964147658215
75.05097825113027
72.5196651176393
70.02165232433742
67.56338459504548
65.153967437779
62.783877682522586
60.52834012094001
58.34108189141081
56.0017505942571
54.19655491249433
51.91787392166559
50.217708207126286
48.4695823287116
46.935976581218746
45.19919382263578
44.00819049774423
42.19463450809157
41.08896325754625
40.370487892349885
104.30527181880142
101.74021724612797
99.19504360253079
96.52886254070104
93.91573034181978
91.41958497353613
88.84274859353955
86.26802513610455
83.71411020171608
81.16741119845119
78.62694453611388
76.11542340525206
73.62726746160126
71.1650876853084
68.74278024247208
66.36361271641354
64.03838297055016
61.76678046265395
59.581472364734424
57.559923705787284
55.2209194556418
53.4779926992435
51.36601708726732
49.73752525442555
48.184531807426985
46.670331227991184
45.06757829816806
43.354104746272895
41.99564420737891
41.01837195977224
109.86973430557268
107.36792372944525
104.86479446186421
102.33787413867947
99.73516356932024
97.25557100418474
94.76139835879984
92.09659554313691
89.65199329444647
87.1317520650381
84.62101785555423
82.11736495444485
79.62699491364306
77.16159008810877
74.71178239084898
72.28807625869773
69.89966547585891
67.55499022315982
65.251787110272
63.00327248151911
60.82521881815738
58.79702972408883
56.632430193475024
54.74658722992229
52.688136894674145
50.94526528419807
49.45429699204953
47.53935895346112
46.04667182764994
44.83366936146913
43.11593261796044
42.004069200181966
112.63857838771366
110.20098160844537
107.7552288929472
105.3019908501072
102.83815961052709
100.42224880335297
97.87493415291353
95.43794596947335
92.885252745326
90.36161198545632
87.98331527823007
85.51299366644207
83.06356022618304
80.6168612922048
78.18557856399734
75.78397077348583
73.39650302022996
71.04503877542878
68.72707033720695
66.45212573689113
64.2299291339036
62.090304097755855
59.790891292719174
57.934573194903344
56.09937871470616
53.8663396897063
52.297582160020504
50.67527428369517
48.85497449865732
47.411442727218805
46.03145691133135
44.32873827209345
42.93026757949184
41.91372973967977
41.17527100259042
115.37143459051313
112.99659755627864
110.61203504323802
108.21936732811301
105.8156520426297
103.40554363392114
100.98682965406483
98.63625748861055
96.09813424326668
93.72215020169344
91.20653809159552
88.72345288826975
86.40873120720573
83.99545522419429
81.5952915631946
79.20970926566508
76.84078749205912
74.49119795713358
72.1748712939637
69.88650602822567
67.63943889554473
65.43699193712806
63.32946519210209
61.25828600117272
59.028670559151394
57.33832202875713
55.40201988337742
53.48167145181573
51.91801282780425
50.037838318331566
48.58497656732168
47.24250047286674
45.44802817917923
44.093208820895285
42.948155499284695
41.85673756018268
120.31653817763386
118.0138988176435
115.70026492212922
113.37683986347673
111.0426351284149
108.69779972488311
106.34309912451607
103.97985572026352
101.60870559118766
99.22917881478106
96.90293034716446
94.446809308055
92.1191271862009
89.59165489464462
87.30044648745047
84.92527666881271
82.56745622471699
80.21893983580979
77.88731789354064
75.5830798708568
73.29175038550923
71.04024738199043
68.81549802437584
66.63402769758761
64.52623702879495
62.4491691576608
60.26416643007473
58.363902397339096
56.619557963416604
54.74772658174577
53.09304204360412
51.26711169864072
49.835370754354756
48.08399727789903
46.591782511738344
45.24865481428402
43.87329374201746
42.90094516151888
42.209309681759954
122.81048703066864
120.56861133390572
118.31765930333248
116.05239497562337
113.77905958424809
111.491583529703
109.19341485681541
106.88488587055737
104.56744824213999
102.24011088097933
99.90732639024893
97.56022467386573
95.17789631743075
92.88215564236054
90.47487725964751
88.07767165466144
85.85813722103295
83.53128226333942
81.22951527537377
78.93339661470853
76.66168452152056
74.40610284985189
72.18045905230855
69.98764998801795
67.82608600424508
65.72735456493186
63.69667649030122
61.49656032932937
59.64742673189417
57.897752605515024
55.825070119754436
54.29796964284351
52.506658736794066
50.958227602054116
49.302562911284426
47.81386861569443
46.33716959963357
45.02991950410103
44.189243804458236
42.824746130385634
127.39126867263121
125.22246100557857
123.04034992808202
120.84937608202455
118.58290389565275
116.42943532733068
114.20227308441936
111.96181173350966
109.70773986430925
107.44330092789471
105.169613807654
102.88659752127792
100.59544729630377
98.29950027205723
96.08507194973069
93.64790047826963
91.43229931711052
89.00599317878488
86.79987509346914
84.50646141194893
82.23738577376777
79.98078625015037
77.73582062880654
75.5170940124556
73.31612559821332
71.15229779860513
69.01815123214647
66.92181284681249
64.91484026519126
62.71805126975569
60.83459483814559
58.92790261296321
57.0248196272362
55.51111605098364
53.64628501591722
52.286342705325566
50.514786665662164
48.97893911314715
47.53061760587108
46.15918640733448
45.293036151279615
43.69097691886156
43.23577038259135
129.62511989758164
127.51132287342291
125.38726597679276
123.25172696569349
121.1023860035197
118.94144137320627
116.76491240764786
114.57798571143022
112.44914585389493
110.24062899728975
108.01940178060391
105.78704188497846
103.54755222657444
101.29858990353277
99.04255948742625
96.78202549829264
94.57538087695141
92.24261907550404
89.92743508952552
87.63177597275816
85.48251672409006
83.2469243157592
81.0248334277765
78.81821246570898
76.62833071137675
74.457169894494
72.30903676777882
70.20796014339962
68.13026988819945
66.14607358981561
64.17396067000402
62.23385149673121
60.18264166774194
58.554057233439956
56.656648860857054
55.17315407041335
53.45720042098449
51.68171935374785
50.176118277736464
49.05862031703204
47.71581905828267
46.42147785476588
44.96706278845834
43.8054705914788
133.8837408669927
131.8392563060006
129.78577280166104
127.7192661537886
125.64091742816474
123.5513451404832
121.44540605057055
119.32628325166105
117.19394843824351
115.04875265380419
112.88941997212031
110.71855160297295
108.61429294328344
106.42589606573671
104.22491929254953
102.01503824582318
99.7984021183706
97.57865915304835
95.43077334931415
93.1153593574591
90.91904560816255
88.60060528854139
86.48572907557642
84.26014716396199
82.06790609543197
79.90152617865905
77.74150652496179
75.60111683842803
73.48435383189232
71.38607192055424
69.34297486867642
67.35019563797393
65.38747019399071
63.30183486500049
61.46850154055558
59.81727380107425
57.78020363282659
56.31161828883152
54.59160263572978
53.207823561432654
51.42055234260044
49.91929077312593
48.8449403744143
47.56450131889879
45.91322744430151
44.926800110280645
44.24075480417692
137.95385561696705
135.97773205062924
133.98732326310153
131.98579490846637
129.97379604352076
127.95082132619422
125.91500005324137
123.86821164422261
121.80804711378896
119.7357715904533
117.64896198890834
115.54429275241293
113.42687285362798
111.2915768635774
109.15088117318689
107.08232274530579
104.92119271409861
102.74996839742263
100.5728756079193
98.38917410173894
96.20198558611949
94.07480335828343
91.82064059627832
89.5778190580242
87.35996998473982
85.29089730234818
83.12474910994335
80.97779203716438
78.85720048853204
76.74614137520913
74.6551903061547
72.59300640194412
70.55854949351519
68.58192377012882
66.66391703750439
64.5480882991256
62.79483833864937
60.838846644172136
59.28282124954261
57.62995886555116
55.742853317508484
54.41705060009673
52.66721182990988
51.14347386948082
50.032606130970976
48.72958072370318
47.21953861593452
46.14908215156619
45.319826715756086
139.92702851069294
137.9980051005887
136.0607999565192
134.11424154121744
132.16237443817516
130.1938920644986
128.21351578159542
126.22081120631184
124.21566442586023
122.19720882534813
120.16569629507042
118.12197450816222
116.06455839891312
113.98573666719369
111.8920552693188
109.78942939333272
107.75736699901944
105.6371180383997
103.50192247368153
101.36234757607974
99.21625779450622
97.06659517392985
95.0108997918924
92.70272661233007
90.63592340495211
88.39164794517866
86.19833305931141
84.19311804830794
82.07734687015112
79.97948410229266
77.89875479959258
75.8358545359051
73.79171897293308
71.77991651261551
69.8098132896817
67.91525480866228
66.05046646034194
63.99798801856943
62.16767538110999
60.56224773974689
58.68501230265688
57.27123400136993
55.581741917280624
53.86933166783995
52.364832936801896
51.2807524717699
49.89001916491256
48.63728626843838
47.267073088657234
143.70983247150244
141.84320850438144
139.96867942556
138.08463831280005
136.191585980622
134.28753965955295
132.37281963004864
130.4458802633233
128.50692824981388
126.55486693225642
124.59479317877035
122.61609445553472
120.62481024366602
118.61974247952733
116.60145915053985
114.5693603698733
112.51616310458613
110.44926923752618
108.36746316349296
106.37081187640867
104.27748768175812
102.17150174805768
100.06116025277474
97.94660620055203
95.82876602899162
93.77255955653786
91.60030940973954
89.54954475727628
87.28003624928392
85.28918304739327
83.18291372061593
81.10939651740502
79.05906601121866
77.02175560298356
75.0050635028561
73.0100032853884
71.06004050252393
69.16739673143991
67.31378838557006
65.22320628103081
63.589555557576666
61.85917117826919
59.92450535399405
58.41219402937676
56.73303723422769
55.44147827164341
53.67744874479168
52.49931084777574
51.080674016284256
49.83242272225879
48.20565078597798
47.2277244314418
147.33342696090503
145.52579624610522
143.7106824384711
141.88840872751206
140.05722762340307
138.21613424011744
136.3644204409954
134.501077685692
132.62655801766826
130.73911358148658
128.84008951068745
126.92716243682722
125.00142277862801
123.06187751139025
121.11219239085875
119.14529823535659
117.16547127847986
115.1720430551499
113.16420444692875
107.03524558725967
105.06757668526885
103.00343828121595
100.92482692312063
98.84565718582125
96.7610919415596
94.77247613854463
92.56048392485187
90.55141941076
88.36476686238824
86.24747494541444
84.31682004385011
82.25549095829123
80.22346449117211
78.21888057802914
76.22288499519746
74.25081144641592
72.30274096141147
70.43600038725987
68.5297015399614
66.51443187723865
64.89840961194685
62.977266912503836
61.461938086904965
59.691534221869105
57.97918828836361
56.62856407843456
54.93503804897741
53.42310870868672
52.29390153033866
51.01647725231944
49.40000053852974
48.43449031643412
149.05396983547212
147.29595007488876
145.5321851806365
143.76073490731176
141.9800855339679
140.18976627840755
138.3895972303534
136.57720748562912
134.7534494987476
132.91790117370533
131.06865506509882
129.2072861189704
127.33236716504561
125.44384893684483
123.54188293049818
121.62640558282727
119.69689166768134
117.75629027067514
115.79937760071822
101.81132181101634
99.76152231262428
97.71287353941635
95.65683770243528
93.67583336510093
91.54526073590625
89.56841952953334
87.3808602135712
85.45752853146247
83.4199346043938
81.41038580144419
79.41721826788445
77.45484593214488
75.50448470054486
73.57336240792833
71.6980262281758
69.87811420565538
68.05796918047886
66.06403603093989
64.39301566207644
62.79660086091488
60.87556760567086
59.501583674680134
57.73259155885024
56.16577565438114
54.726934724635306
53.61841656433867
52.204901634363495
50.97827878878148
49.63499187519271
152.4367668576912
150.73455674940493
149.0261996925102
147.31143299993218
145.58865611460524
143.85780785254298
142.11677082088053
140.36542629983433
138.6031801835058
136.82992511265365
135.0440324175424
133.24510600768784
131.4339259830432
129.6082395053552
127.76966175872884
125.91802883597163
124.05240388784499
122.1728500383038
120.27968012627223
118.37288424247858
98.68426125286595
96.66339873863934
94.7349032850003
92.58337820860164
90.6509315410665
88.52746443776248
86.48467691173977
84.60750997334819
82.61353969568991
80.64428346773184
78.69072362235102
76.77052623016151
74.85953183803001
72.99366968581641
71.17206169569273
69.33973851848276
67.38334564136153
65.78032207621013
64.14838539278931
62.425977654610946
60.744936318638615
59.05759864893189
57.67236619547514
56.07438841627997
54.90042213649329
53.46400050108665
52.155606783084664
50.5958197674539
155.68405626598354
154.03434447395105
152.37971310015442
150.7188048230812
149.05194089973858
147.3764517732879
145.69326638904465
144.0004660502111
142.2968823880858
140.58315790494964
138.85790522887822
137.1211372317325
135.37124127821366
133.60867658965216
131.8336054639329
130.04422305939732
128.2409115787191
126.42384639047687
124.5933733620216
122.74897812791814
95.69622805416056
93.78683400836599
91.70074712266518
89.79971515825625
87.67342677680561
85.82316977640615
83.83651690937062
81.88670563052621
79.9558158490272
78.04376984562165
76.15646914878383
74.29252734752274
72.49142709744947
70.718469038583
68.70226323862381
67.01461868235728
65.30329128856565
63.76557296001876
61.96869786846398
60.59964732125781
59.01530686138451
57.3663203628726
55.915382421947214
54.75791614727756
53.4321406460543
52.16882149941254
50.89535257217875
158.8041145934081
157.20381701827603
155.6002832891884
153.99119024165466
152.37650599523033
150.75524737019194
149.12592010272198
147.48882044052033
145.84211817307687
144.1855092824277
142.51918016325553
140.8406799908278
139.15155836962364
137.45036955708875
135.735337600479
134.00778715610682
132.2672179891076
130.51228099767613
128.74408988630933
126.96201754186515
125.1655980389089
96.77206694326911
94.91455535896445
92.80664328561332
90.89767814512209
88.88518553390044
86.90571241484705
85.09671963281734
83.15439233152429
81.23705082611426
79.34187135569692
77.46692537797395
75.62747759755364
73.83215776362898
72.06166865652054
70.26643804736626
68.36243560821222
66.75203720798068
65.20586339358474
63.53197637535305
61.91662883555746
60.266693811315925
58.703846083814206
57.293917361773104
55.80065625018576
54.7290296824211
53.409883912372784
52.24415329014967
161.80050286108687
160.25061122467733
158.6953118412194
157.13556220351015
155.57110937090883
154.00114447628604
152.42474924094378
150.8397284007088
149.2472472554948
147.64557677788846
146.03428444164476
144.41323037001337
142.78088389222492
141.1383273434597
139.48286209153503
137.81572294245686
136.13569219672618
134.4423753880268
132.73549402302086
131.01465545005792
129.28019293724785
99.80173054949447
97.86958908992132
95.93687399544723
94.07734799682174
92.06463393281166
90.22248129480468
88.16828821143638
86.21662986592233
84.45338664287422
82.54261969768918
80.66768575133517
78.80537686588646
76.98521372532733
75.19174863190784
73.42641815336589
71.64846108807667
69.73701785467094
68.08570178709611
66.4086473067653
64.89581169118374
63.17714969879095
61.602446729866436
60.236704727436816
58.64234804801795
57.168540700098234
56.049465049124294
54.71438074180401
53.48979963647914
164.68686904918656
163.17965190666598
161.66997549266554
160.16000430109057
158.64400156932837
157.12233989841656
155.59545461273797
154.0613936511097
152.51997464144625
150.9709387351693
147.8463440027603
146.26874345084065
144.6816333198933
143.08262951866246
141.47274584002835
139.85108188948456
138.21676907411043
136.56961041745168
134.90973197116438
133.23664608579745
131.5495653718866
100.89258915615073
98.9887925146252
97.08633379036378
95.28854368907889
93.22172811788494
91.40417680638099
89.56608428914657
87.50997983834063
85.60318406477127
83.88110986718434
82.01318664773693
80.1777709953363
78.34505295162742
76.55921123413808
74.8202905176814
73.0933488277318
71.37926784177239
69.48296638069046
67.86048910120381
66.37544530409016
64.75839937756277
63.175015787637754
61.608626717010736
59.997866479982946
58.59058145281132
57.45511399411727
56.05826005018739
54.788063505328445
53.590417696673235
167.46750155583246
166.00306413876845
164.53783190195088
163.06996572771632
161.59889319205737
160.1269043560729
158.64728847115975
157.16063028326167
155.67266867908972
143.4236789175716
141.84544657286833
140.25588116230907
138.65404368562656
137.03913287021095
135.41176996933217
133.77042153481068
103.87478554513098
102.00769928419287
100.13678598657498
98.26125437558099
96.38135037649586
94.59041519818123
92.59190625446081
90.79083219833593
88.83764910126989
86.94644741477046
85.24075834786807
83.38816618164157
81.5453898344718
79.74002766792802
77.96618431585273
76.21916852257183
74.51808273620013
72.77650576675276
70.89823305503973
69.41456722644274
67.62069067799901
66.18763688727314
64.55307477192552
63.12559351514675
61.601972378823106
60.0384144232768
58.53714381555355
57.44691375983702
56.112633147140336
54.882822181530756
53.72400136502026
170.1489568778814
168.72539606102262
167.30141859824067
165.87637841624164
164.449056348357
163.02159651853057
161.5869309703953
160.14962621909854
158.70477579031214
157.24910925776732
155.7908547145109
154.32506907111488
152.85035435326913
151.3669516835573
149.87444196967434
148.37216115363668
146.85053937298164
145.3632024464188
143.82771708540875
142.28133518141567
140.72158499046574
139.15097765097548
137.5674102170145
104.98362317151748
103.14864126045322
101.30269654468486
99.45505771421873
97.60692915277568
95.74656993232098
93.84529219595419
92.0544488314253
90.28721567159745
88.29638316736985
86.45691801361225
84.76996029100741
82.9566540575175
81.16631044715814
79.4011479494598
77.66259526642261
75.94778906388348
74.26243710118035
72.57390504107072
70.74069161995317
69.20899964792477
67.46312112947655
66.08047211015179
64.46478709324933
62.962242423134526
61.70563275528417
60.01265237662346
58.90975043719214
57.555829834213114
56.25171759088565
55.038299150473144
171.3526211202386
169.96835507873632
168.5862909790247
167.20083930786618
165.81215566804758
164.42072614282174
163.02514592007054
161.61999681115236
160.21450947649325
158.80383267531266
157.38445143721233
155.9576532174626
154.52289490836716
153.07625845828096
151.62118501650588
150.1916967995907
148.71863929538185
147.23612767815928
145.7429420662678
144.23827610985114
142.72295260022148
141.19518900623547
139.65441081341032
106.02098727453162
104.31375378251285
102.49600855705485
100.67675961547884
98.85531060074118
97.03059446353718
95.29723320315884
93.3243001897539
91.59571727279416
89.68476717803485
87.85893549082414
86.1978598123687
84.39390719961138
82.61475540381646
80.85715916509109
79.12319042730162
77.42240343506646
75.7483180143348
74.0218659258739
72.2170160565558
70.63976061674542
69.0651391989457
67.59498023508051
65.90650249580247
64.55566841402421
63.001833021946986
61.546224348420516
60.064827863507496
59.031552408690345
57.68345585394891
56.42166281170158
55.22882005111409
173.89047516553978
172.54437283633834
171.2007009386741
169.854615830768
168.50651933462578
167.1556155846536
165.79746121230815
164.43856142806763
163.0752209221184
161.70618312300053
160.33204281473039
158.95284515612107
157.56415961523376
156.16502301068823
154.7580081658639
153.37451311853098
151.95119996034705
150.50081602250484
149.06025644231124
147.60955210911092
146.14626147563408
144.67180188890728
143.18658276563727
107.18915480799046
105.50537208186815
103.71741093355647
101.92429878259763
100.12696125371919
98.32828459286512
96.5321435390043
94.82945566422225
92.89840471019046
91.19768598004576
89.29550436739598
87.48505373145156
85.8606297354816
84.09458660799956
82.34619868299784
80.620404402344
78.92132206515079
77.24819140260159
75.5322844836854
73.94609905565271
72.15411206673014
70.58094765993144
68.97493098315644
67.5633696195455
65.95816406506815
64.4280688957228
63.18118000183294
61.62858767662445
60.19595558881888
59.14415826013854
57.86485177113626
56.623864853406836
55.08640229441171
176.34406711846387
175.03447073181877
173.72765310135821
172.41871228002609
171.10906642529562
169.79398419399726
168.4788040652153
167.1601208393383
165.8374929560804
164.51034627659683
163.177636665213
161.83919248971955
160.4979484624068
159.14321514805238
157.8106920780102
156.42329445945043
155.04898360010566
153.66667142951317
152.27433520438217
150.87337114385096
149.46055920527525
148.03894776737286
146.60482457070287
106.6207226875217
104.9640816752356
103.19519273697819
101.42528450953711
99.65527976848212
97.8807726823824
96.21635402764194
94.4056939181562
92.54343853744065
90.86792587719268
88.97309044046752
87.1929973265136
85.60051816715799
83.8651115080522
82.14454788860091
80.44979588809782
78.78413795748641
77.14250794116991
75.44062049314208
73.66381441166064
72.13232203203998
70.57837039409863
69.20810267672177
67.40173592348273
66.1095371282652
64.63622578760634
63.11905546086069
61.76849330694925
60.373788979763255
59.34488663359893
58.070262246480134
56.86098012679369
179.99844773130974
178.72323867323948
177.44347360560164
176.17248107825117
174.89961322153127
173.62613834266986
172.34785765163954
171.0701747208736
169.79015214166566
168.5065323122406
167.2185782645563
165.9264714931547
164.63509828170675
163.3289816144019
162.0175468946944
160.7035677754482
159.38449680851193
158.05615126682673
156.71876823536562
155.3736515183588
154.0187091828185
152.65507807962143
151.28117008076902
149.8972214507221
148.5031878884153
107.86447491206007
106.13090409966941
104.49845301239309
102.74506333002643
101.00329236797974
99.25598389117359
97.50581430665969
95.86049984779415
93.9418757012539
92.28190868029796
90.46218881863169
88.72128890618079
86.97740976784581
85.41307108083559
83.70591237667558
82.01385223632683
80.34993709141082
78.71001388881118
77.0970496553203
75.4443747886272
73.6645789186154
72.16101841754988
70.59329401478246
69.23546384232812
67.56097833820711
66.11077099157534
64.81207954797853
63.34422745592213
61.93900065159677
60.84937170475482
59.58844021572621
58.316917108295584
56.79104404071201
182.26552986128806
181.02542786120324
179.77060588393852
178.5387668994942
177.30092013539968
176.05958451531288
174.81981107954968
173.57802813537126
172.33400045635955
171.0872961772483
169.8372695159605
168.58330444417467
167.33113661303327
166.0647763112742
164.79325844290122
163.5214833087203
162.2439119800115
160.95761152405532
159.66430878324198
158.36248404537398
157.05405207030125
155.73493995194025
154.4072532422351
153.0709998092855
151.72457474633768
107.43125469504875
105.71466217580162
104.10616676583788
102.37830582305897
100.65474963006544
98.93093830318483
97.20604194260433
95.56473802694798
93.71423953928934
92.06342639879327
90.26757049201147
88.54490542598425
86.81740600934643
85.29595505034634
83.61314141211305
81.95627308509626
80.31537752369593
78.70368628986479
76.89480180602439
75.50326423197927
73.7500196621201
72.34820266401415
70.64716085067745
69.32525493681305
67.73631742745982
66.48173581431914
65.10871724219372
63.568187112931405
62.16336445952868
61.13268483077506
59.83299834140945
58.623757111360355
57.113238327042126
184.45467695763313
183.2470171574456
182.03928130697727
180.83192746787114
179.62715527213743
178.41988632033076
177.2139761177552
176.00646308919113
174.79744074573682
173.586076775524
172.37181011710325
171.15400454058818
169.9389136327163
168.70978511901208
167.47823116138926
166.24440141845315
165.0046144164933
163.76063058335814
162.50746658391293
161.24830158787648
159.98154165730514
158.7062239002661
157.4232761133381
156.13216471453885
154.83148957269105
153.52132216054304
108.75234000721636
107.06621346603353
105.48348749038371
103.78504712164246
102.0831495420416
100.3799833409613
98.67815003448138
96.96873098547071
95.34850143184109
93.53473660326047
91.92208847434013
90.14428145201609
88.43660865531253
86.73930276436634
85.23652019570103
83.58708371767723
81.95833301203719
80.34157811367413
78.75148452221516
77.10197929514504
75.61156703830899
73.89026632458096
72.47217262721699
70.81358985113526
69.50118538473247
67.96386377936591
66.49681298091522
65.34901195363096
63.80610818007091
62.42118659038292
61.41714521307519
60.15913806517998
58.96786321282207
186.59381427319866
185.4027313089676
184.2309487968071
183.0579436563355
181.88301192025543
180.7103032067078
179.52990052778102
178.35564250798635
177.18006845104713
176.00231382633032
174.82283087599615
173.63978405041829
172.46266992274698
171.27026914848753
170.0757001618533
168.87843019493334
167.67640505665253
166.46867260381532
165.2568017263256
164.03696753090838
162.80995142297664
161.57714384742363
160.33624548998688
159.0869327958654
157.82957301324518
156.56362189880525
108.44079855427647
106.77715772612282
105.21079782370454
103.53716661843448
101.8595647127787
100.17716151962506
98.49816682335339
96.80240024037242
95.21671419831483
93.46059986143375
91.8477844471539
90.08255407590521
88.39568575828648
86.89741014776429
85.25602138171084
83.63053697820358
82.02617796673472
80.4321668903614
78.65327470282834
77.23997324523744
75.5699703160765
74.07768857951989
72.62766325978326
71.24886391105036
69.55759745669108
68.30818070765656
66.84985695866578
65.46553082184776
64.09629090581959
63.0539022423162
61.46616386898742
60.513912262759035
59.00572180395219
188.66839401721816
187.50838814127297
186.35955736907601
185.2128836216658
184.0685203539762
182.9254761112057
181.78138949935746
180.63845850565374
179.49444171196694
178.3491695072074
177.2023510501406
176.05256260797486
174.90926380706563
173.75061393311455
172.59022841934794
171.42963749788046
170.26280174349634
169.09160877452533
167.91479963888537
166.73394660659653
165.5458130944202
164.35136061855553
163.15071238186144
161.94181982890422
160.72571216529235
159.5023518882248
108.20510818070802
106.55996996146507
105.01722632442306
103.36728157817515
101.70546011879658
100.04524149084074
98.39035192084094
96.71690701038419
95.13836061313
93.40768772615611
91.70604359919322
90.09068045872736
88.40291993433516
86.93443296666729
85.30835695653326
83.73167237999344
82.14976345674643
80.57252757444803
78.82927045215918
77.45874636226449
75.77056152333554
74.31959216926202
72.8573024067415
71.47862030186312
69.86206487652186
68.67602440214387
67.21337168082486
65.81266073743744
64.44832671161171
63.1215532971133
62.14348472895813
60.92286184327736
59.4338891205164
190.68576665128296
189.55422512178322
188.43223485861037
187.31296776496185
186.19734526505957
185.08175545771715
183.96830239444296
182.8554294419984
181.7419709336872
180.62791586120719
179.51166412729265
178.39368624503868
177.28166592380208
176.1557424010446
175.02585449459383
173.90064621119419
172.76880973258108
171.63274737941842
170.49090497290095
169.34419520280034
168.19344040194213
167.03575544115495
165.8729295588695
164.70258588012703
163.52612927586378
162.34185831751668
109.65981021812279
108.04246951668698
106.41197931953259
104.89464340054444
103.25933356050635
101.62226892657148
99.98434460272648
98.35005625862341
96.82551638415273
95.1517552158156
93.45133148362837
91.89731688035678
90.14376436682468
88.50978226192322
87.0558224056576
85.46217907704776
83.87709460475152
82.34173348806844
80.58917202812248
79.06045482369748
77.70912442867119
76.05625797009625
74.70656981913353
73.0919903569445
71.82217844819239
70.1850779551842
69.04145640573
67.72297938468802
66.20560264125905
64.8323746087729
63.83387358642882
62.56431455686017
61.378505790480844
59.88714265622264
192.64976104755627
191.54396009944927
190.44889365557233
189.35654065248508
188.26743530749624
187.18031189702117
186.094684665638
185.0095781657642
183.92532193408147
182.8410876910752
181.7547589544111
180.66728954879994
179.577660358267
178.48942466529076
177.39166210347625
176.29568135011846
175.1982046971542
174.09499589744115
172.98787809709532
171.87486776774793
170.75742831623992
169.63582049838294
168.50845161410552
167.3749066691288
166.23518150094296
165.08888561032052
163.93572206394867
109.54476125427426
107.94395115637555
106.33658527441906
104.84172197691902
103.22749996817407
101.6110847541182
99.99517230207057
98.38063356298862
96.87247538288673
95.09396499182346
93.56062182483967
92.00992054323822
90.27939731575427
88.65857264385339
87.2406526117158
85.66204621036553
84.10664117778147
82.56751857375943
80.86980324795756
79.46862188409555
78.04022364068643
76.38652695236152
75.02330187966511
73.4307136120896
72.19503056854172
70.70086978098979
69.4855883495498
67.90429224793054
66.63894291490486
65.30531650128509
64.27965795958502
63.01747558564761
61.86314810184425
60.381551818566294
194.54924892343877
193.48112521866133
192.41224713046626
191.3465471896205
190.28396912883872
189.22327370132624
188.16432392613189
187.10656716688104
186.04947756779012
184.99230763173267
183.93535002357876
182.87691098948153
181.81667787325358
180.75759213171642
179.68961990078526
178.62353271312293
177.554595983785
176.48421265360938
175.40884622753805
174.32921749786564
173.2449784645194
172.1552015811202
171.06213371418562
169.96392445113926
168.85904115817635
167.74831611808742
166.63182498891965
109.49872190964801
107.92001303602387
106.33302330090774
104.8543001779676
103.26323060541885
101.66824392194958
100.07151625053777
98.47827046995536
96.99494753711546
95.23060058976705
93.71351761080007
92.19558031684765
90.47695526782435
88.88962629137251
87.48978153702366
85.93059914039816
84.39512908503058
82.87601164266417
81.19728917832543
79.81177437045471
78.19683217071895
76.76924500535182
75.40058292551566
73.84800437084614
72.57543183885952
71.05824446349612
69.73047456245455
68.57852940234251
67.13167017178834
65.80090755133102
64.80290759370476
63.54209654376027
62.392345293951394
196.3844200840573
195.35655462270375
194.3271971954117
193.276572380703
192.2452934455243
191.2126985820039
190.17992962477302
189.14821235137111
188.11729657898724
187.08689929294064
186.05611374536443
185.0255817899568
183.99373599005756
182.9622576713714
181.92376211653175
180.8858248953099
179.8458646607674
178.8030681505664
177.75945937190443
176.71070457027835
175.65805851379275
174.601076044134
173.53939168865662
172.4730303732116
171.40214563293418
170.32546943504755
169.24330417849862
109.52644626935351
107.96159645792831
106.39466544772382
104.93541765353613
103.36730310643998
101.7928104153074
100.21595525236135
98.6426464207557
97.04808976612995
95.56683928137909
93.93367599672382
92.44505424878663
90.75564419359499
89.17930202939266
87.62372185728567
86.26224702510574
84.74256423940851
83.24859974048938
81.56240894250584
80.22635648309087
78.60674691842189
77.21124781443808
75.88533502905989
74.53079338684375
73.06556967251288
71.59143811912693
70.28505920822204
68.89179708826498
67.65889704971616
66.32244292294398
65.360979323181
64.10832876436385
62.924881954538506
195.17586638229227
194.15221927431898
193.14261487976083
192.13466995610403
191.13490595944037
190.13168245612295
189.12740203910386
188.12268925846095
187.11727204160493
186.1115941991758
185.10545568029335
184.09797409271053
183.0865585819987
182.07400235514592
181.05941681556513
180.04271931175143
179.0238810284369
178.00114632703324
176.97465225643904
175.94359086982152
174.90902576446862
173.86937677773466
172.8255890014773
171.77589170159536
108.07199268498863
106.52643807094611
105.08527069813643
103.53834957685966
101.98579813873918
100.42766108915492
98.87424079517028
97.43027953509024
95.71041186254989
94.24393104665326
92.7365918440646
91.09305861647022
89.52538394266153
87.99644891363121
86.65336143012695
85.15217383811051
83.6690370384299
82.00545752103712
80.69183493757386
79.2923282255225
77.70606916088339
76.30868813343888
74.85444807564762
73.5986847812746
72.13110508472322
70.80779740891856
69.65474939393323
68.24296808965778
66.92641152161517
65.67607139513706
64.71430467623036
63.553819769993005
194.04936587462998
193.0670683488799
192.0870398842
191.10788858962587
190.1333624444772
189.15548602415504
188.17521554479958
187.19435801168734
186.2126394138475
185.22757729479835
184.2433601396282
183.25512661983348
182.2649031868939
181.27269373728714
180.2789054622743
179.28101132663
178.2796903674166
177.2741619160206
176.26497421499016
175.25138983006272
174.2333417107025
109.77442639517197
108.24745421391592
106.83174990730068
105.3028532646283
103.77427339548875
102.240194704325
100.70600545365404
99.167593907121
97.7340320748125
96.04479947254254
94.59393216325445
93.11076330024203
91.48582402012028
89.93671507270786
88.42377406982689
87.09895360529077
85.61620593506112
84.15330406082337
82.50668996922337
81.19616478456656
79.61994226282324
78.23119764928428
76.86969928274299
75.61558317939638
74.21458786957524
72.70370009972882
71.37830020779549
70.26076307936484
68.86871269118147
67.57790834486899
66.59744394596352
65.37383518654228
64.20754349090532
194.00236456850783
193.04607298585532
192.09056500790436
191.135500800382
190.18602060840573
189.2282261560213
188.2728562351459
187.31492909037468
186.3526450188491
185.3933780216923
184.42912838721696
183.46257045934797
182.4946048118251
181.52319177528747
180.55058182505496
179.57379106980318
178.592815670581
177.60861007965667
176.61963457681847
175.62712760874402
112.96821390537549
111.49527062819628
109.99375943811889
108.4924886317794
106.98513764743188
105.58958680219054
104.07450527183357
102.56295871975853
101.0454481651896
99.52898625388598
97.99047471956668
96.56393037311359
94.98063616663724
93.53429398865391
91.94182365775613
90.41501823755948
88.91639092321807
87.60800108686688
86.13955185632152
84.69368096711463
83.06533307991931
81.77420871969191
80.39656065897609
78.84164366706501
77.56237324882296
76.07788536754684
74.84629123438003
73.45648729646246
72.26943014270437
70.98669716881395
69.55940245336666
68.276212499386
67.00242122162481
66.06811687930937
64.90209217638692
63.773942769463176
193.07571097508963
192.14470956727757
191.21319245833865
190.2814664614893
189.34740269797743
188.41158907091886
187.47386644599698
186.53740506778894
185.59635580125314
184.65349428316472
183.70777988612008
182.76012598066185
181.8108066380299
180.85739541923914
179.90050951777502
178.94016100271472
177.97537473814296
116.09717695729414
114.66268587114966
113.21672952216355
111.75972424791395
110.28134131387843
108.79808393281046
107.31206310804234
105.92918717178748
104.43591928304012
102.94548315050096
101.44969435550811
99.94921025420697
98.42707746913177
97.02001539796494
95.45256014709338
94.03131614359839
92.44140050948371
90.96247032740922
89.46825933389253
88.17254790525939
86.72322934567269
85.28688717058208
83.67617833119724
82.41270264487571
80.84514226185001
79.49134578518121
78.14337142383201
76.75756004162614
75.52123221279354
74.0356922001012
72.91889418587812
71.69381659885622
70.28290034916938
69.01758921031991
67.75408945992095
66.81394471934598
65.64928077860291
64.52382272691776
192.23883444960302
191.3293866074985
190.4182804994455
189.50680537833054
188.59238513000773
187.67374537907835
186.75786009673908
185.83688959429398
184.9140120833147
183.98848347958364
183.06163803745358
182.130987497411
181.1969492781338
180.25977880178547
119.19304694838779
117.7953044935475
116.37031735610772
114.95190119958485
113.52793671515897
112.09315020809947
110.63573269222232
109.16765827041426
107.69851260845104
106.3418076152756
104.86491961048657
103.38761235510981
101.91525341374891
100.43412542653249
98.9385332474319
97.5539178146258
95.97551437298127
94.57257575295877
93.00799108494338
91.56308288087327
90.0869076956391
88.62010416873693
87.36228296297199
85.93754659833081
84.53671766898525
83.06525858164925
81.72522642251597
80.19363171495479
78.85414246855463
77.49035326475563
76.28583987094444
74.95799257196566
73.63772547744304
72.31459956061454
71.03561723763065
69.80096155623824
68.54056239240397
67.60921322248869
66.42869292633863
193.2642586363977
192.3749155120557
191.48576043377213
190.5939905682174
189.70128267179817
188.80951286915663
187.91268541039204
187.01327257531818
186.11217449250316
185.20858190189867
184.30275402268057
183.39502698827383
182.48324511381202
122.21016912939484
120.84774004314993
119.47555473716723
118.10944183761094
116.70438718675824
115.30531324709582
113.89738274927593
112.48434572945733
111.04575361732839
109.60249661619963
108.15302875282295
106.80820211742329
105.3525498547378
103.89568840660921
102.43439112127948
100.97909521741204
99.50079938864553
98.13896327827666
96.55106728789612
95.1619313688631
93.77181253650485
92.22012588881219
90.76113053972112
89.31845788014
88.05489165436501
86.64680670355924
85.25770492840296
83.68077998621067
82.47584660132668
80.93379705887746
79.6264456612847
78.27272479313217
77.10871831454371
75.73463409647634
74.38708914360735
73.08129802197807
71.87560532973706
70.62960796451316
69.39359739659147
68.42727333719684
67.25249205873276
66.13731092664885
194.28460989680292
193.4168686638081
192.5484328068048
191.67856777516758
190.8071016230792
189.93444355064656
189.06075891326262
188.1839057665546
187.30331804082235
186.4210509875212
185.5359171151764
184.65011186217603
125.1847309720232
123.86171703672385
122.52870562838905
121.18557975724627
119.83194494495437
118.48547395374086
117.11388863648781
115.71840985013102
114.32973256752987
112.93242306210492
111.51815012498066
110.09470531292136
108.6603415306448
107.33954979377187
105.89847100200006
104.46570186677897
103.02043762737154
101.58030792238578
100.13737070409653
98.79219397394398
97.18903485302141
95.81433504561346
94.46684016960319
92.92100108907668
91.49561602924233
90.061448233774
88.64029543330719
87.40861243917865
85.84096990741583
84.58615979417468
83.26692310680156
81.74287020897322
80.43843464073811
79.15895701919418
77.73775720910052
76.58634547905507
75.23538822573148
73.94366750548306
72.90364499836356
71.51783175077082
70.27775947266836
69.29957255848281
68.11560458513074
67.00508416128774
196.1547395926948
195.30820417412076
194.46061477450462
193.61255036619374
192.76283297050014
191.91135046607877
191.058551870181
190.20325278604045
189.34832759586837
188.4882255983874
187.62590836838464
186.76159976026776
128.0998749057237
126.81684308068309
125.52358986481731
124.21945444035669
122.90498208750262
121.5807248820978
120.24675255726672
118.90232641693414
117.56526310863528
116.18970240271757
114.82016777217912
113.4424260869314
112.04878220309901
110.64165155528467
109.23160643836827
107.92667033322108
106.50767918355753
105.08888497935179
103.66431438310764
102.23687818557408
100.81656908178076
99.36828197233505
98.03852097062676
96.53550658846937
95.17228466855731
93.65746106786317
92.27289181175841
90.86725828648451
89.45246419666456
88.06162161621758
86.67065543507542
85.31300889223094
84.12184851882328
82.60183476396655
81.30163808597736
80.0293946835181
78.64828158952594
77.49986690021971
76.01249024025633
74.97549435044077
73.74827567279014
72.4466542487076
71.18929046637767
69.98086053186059
69.06088842477939
67.92266608781992
197.98430630722484
197.15788725130662
196.33031420102753
195.5022307249185
194.67289010460243
193.84256045286028
193.01078008521685
192.17773568957068
191.3423177900592
190.50608000065142
189.66600224000675
188.82374563021952
130.94719081880737
129.70869154343472
128.45797056397154
127.19356204679752
125.91880694584253
124.63370599732269
123.33844602216493
122.0323982658712
120.71701811210764
119.39250553897413
118.05803053458496
116.71791078890202
115.36739220752465
114.00870049902402
112.63681303272924
111.25205900290061
109.85880544600921
108.5659096027743
107.16966678959247
105.76881756697549
104.36552488620754
102.95690004032139
101.5473753330049
100.11784405635144
98.81716359122417
97.29518514928823
95.94745659794188
94.61801307047051
93.09752079840645
91.70610401835927
90.32436033428664
88.93769687730534
87.55733477805576
86.20650189280438
84.98375172755274
83.70630030945304
82.2221023664666
80.94045049992788
79.64094102350316
78.47187966851224
77.1516259313598
75.91524406491284
74.64826389557724
73.41805864955505
72.2113455331189
70.95383959440278
70.02752781881375
68.87647426045278
67.79341328587391
198.9676770248908
198.15917624206716
197.35071258208052
196.5412806318454
195.73048550056475
194.91892795865573
194.1062457202621
193.2915362613619
192.47549237922647
191.65759347582804
190.83609073211215
190.01377783049406
134.9311230130174
133.73821758274954
132.53347627811388
131.3201867015088
130.0985110706677
128.86666494369794
127.62449772606541
126.36803196778344
125.101384511404
123.82520963928894
122.53910448579524
121.24297797864908
119.93725113336032
118.62251441270357
117.3148335337753
115.96974359956431
114.63044278602017
113.2822654458103
111.91503414078801
110.54143505940368
109.16229811793379
107.8871215470744
106.50643284673767
105.1198561344442
103.72943933302066
102.33941594918474
100.95273023048311
99.65248379902012
98.23354966107155
96.76382918856218
95.4349571450095
93.98681785637245
92.60306531184216
91.2383798412275
89.87301682931196
88.5123413275947
87.15456435509186
85.82879271963729
84.48287225572571
83.17904591416502
81.90516051017268
80.66660629088894
79.50460246798701
78.17810548531239
76.80623963943472
75.77108354727179
74.34039805538306
73.24254066383885
72.00939913478804
70.81718636540576
69.90229097429717
68.78924871797807
200.74021676971662
199.9504214186123
199.16004880736497
198.3692400744115
197.5779901923386
196.78573034406537
195.99233962669567
195.19739932215205
194.40109475227797
193.60338036556823
192.80387399915222
192.00256277348737
191.19735582434168
190.39090509432359
189.58227957539046
137.61826515732477
136.46842714817635
135.30267886978498
134.131535614547
132.9448742964641
131.74489270210776
130.5402671039336
129.32898992701993
128.10572150243564
126.87034668532944
125.6226600383221
124.36533783284438
123.09828285049348
121.82152010271597
120.53530837620325
119.23990084454762
117.93543556632862
116.63977977211238
115.30622206171306
113.97870250982804
112.63262684998357
111.27828039015665
105.92981064828584
104.55991198088739
103.18565320685016
101.80623181527277
100.41889599874975
99.13118646540772
97.63862665352498
96.33694452342063
95.03952454658842
93.55953841111459
92.1996002041897
90.84645187404915
89.50810606281908
88.17085538345059
86.83661914551831
85.65667360563805
84.20805920103255
82.93613671574558
81.68230297073349
80.40414037829922
79.27687552426524
77.9779227579965
76.7273050479831
75.4845037099647
74.23684247324934
73.09580937906907
71.89645960024912
70.97068015711258
69.84270000492567
140.302538741966
139.18558878875152
138.0591439140626
136.92236948632862
135.7204503958016
134.56894951693596
133.40267573151615
132.22677200674832
131.03570443780575
129.8409507698813
128.63873557982018
127.42338132862514
126.19473407654161
124.95627684267004
123.70860049975475
122.4514695407411
121.18461950605854
119.90896324536155
118.62418836836676
117.33088834390863
116.03358673193956
105.43765768032033
104.08208954105275
102.72327374639268
101.35853527679718
100.08104662146994
98.71037046735161
97.28655248000125
95.99201533783521
94.55308311481107
93.22147978811
91.86992915668087
90.54499696386337
89.23023396855397
87.91426619184755
86.74360223997834
85.27194645431888
84.01137565825289
82.7736722269741
81.56312872152968
80.19211174632999
79.09279557084402
77.75548797598877
76.75878314666296
75.5635173931426
142.87805121512972
141.79599162990394
140.70444683183612
139.6047545005818
138.4954673226156
137.37599484409856
136.24748504789454
135.0529168059317
133.9077477078107
132.74994626265322
131.583236126387
130.39958331114883
129.21522395177212
128.0215395438327
126.81673859511972
125.59732976350178
124.36870624785728
123.13089697255442
121.88361548796932
120.62733124208118
107.70581114115768
106.36881637690215
105.02874745052003
103.69218925245602
102.34657527214459
100.9813722831111
99.73595076693724
98.28391610652645
96.99916710102765
95.73319192816908
94.29135085208826
92.96405045899343
91.63603289094517
90.32939103459628
89.03050245937901
87.73475731958148
86.59142938654026
145.39812512286053
144.34986068922467
143.29380836469014
142.22781301007538
141.15323946725903
140.07062348361512
138.9779188318146
137.87541949844075
136.76489436612337
135.64493776029926
134.4583679138612
133.32360377517944
132.1738318426404
131.01699340978095
129.84274905526735
128.66614045999535
127.48076318361424
126.2860009137259
125.07681797081389
111.18957913423698
109.8819117880785
108.66824769117541
107.35018683670825
106.02857422296947
104.70559477826258
103.37953048422712
102.05293535763032
100.81372164080182
99.46346332400884
148.8688743851892
147.86247411731574
146.8469216605357
145.82479966143046
144.79259424958315
143.75282358019365
142.70323083138265
141.64584351264983
140.58026803201705
139.50556871288128
138.420683530915
137.3279487646924
136.22761277944318
135.11445557797478
133.9362690115673
132.80410148013047
131.66901395771728
130.52141029590544
116.00237754199253
114.7359026417932
113.4502996300451
112.1640743369967
110.86685282785315
109.57046798760744
108.3800939812007
107.07608098915449
151.24606636754459
150.27176979691325
149.28913798054526
148.29880169859172
147.30048712925006
146.2934812001041
145.2786440138333
144.25473734688123
143.22275419628883
142.18230488927142
141.13411536505131
140.07622162950412
139.00927823682412
137.93338881255025
136.8504726200875
135.75678317051765
134.59667519250584
119.42089611058924
118.19348490653658
116.95636339119474
115.7143865412244
114.45286507556534
113.18370426093007
111.90830790770758
110.62856087350245
109.45181035992161
108.16745353350446
106.87667036796722
153.57191471087896
152.62782997165445
151.67655795420475
150.71785400806868
149.75019003448398
148.77648915202636
147.79379822405707
146.80350822566845
145.80525633120627
144.79849937413522
143.78293142436902
142.75924136763422
141.72737289100263
140.68774787538393
139.63909346799966
138.58268581959248
122.77918876510026
121.58414802403576
120.38313605722882
119.17308482461964
117.95547484785511
116.7300537225695
115.50025244105765
114.2529379415962
112.99070812054805
111.741173618643
110.46295007346336
109.30533666770428
108.03303307437443
106.75570020466357
209.54941837797307
208.8678180094015
208.18639531092555
207.50516703245242
206.82447412080487
206.14295798126085
205.4619480327836
204.7801989017032
204.09811542597873
203.414865595132
202.73146305849968
202.04694261526512
201.36162717704872
200.67482762974572
199.98681543832942
199.29744443155954
198.6071647783688
197.9150004069624
197.2212814888091
196.5260831540276
195.8286356600964
195.12990962671677
194.42513921363337
193.72113063076412
193.0159023080014
192.307975720602
191.59797450218176
190.88528934521472
156.75575625141218
155.84801466224897
154.93308277449384
154.01129325947494
153.08216075638927
152.14556383457298
151.20256037774232
150.25169068613258
149.2929662209357
148.32654031315195
147.3527983130102
146.37005380853006
145.3809487600355
144.38274358902876
143.3763753768374
142.3616449766899
126.0577002514648
124.90480909615209
123.73900029735252
122.56547638742929
121.38329832873231
120.19359131253312
118.99475393661919
117.78803974538803
116.58194413645644
115.35883868084264
114.12174937130254
112.87493345142995
111.63892585599291
110.48373972459785
109.23000373006826
107.97124204627582
106.71148949200082
210.47727258440307
209.80901966009074
209.14070151807272
208.47326820974462
207.80551226414767
207.13755744715397
206.4699547511475
205.80166667049951
205.1331883047575
204.46398104216237
203.793923315303
203.12304728372195
202.4513032830201
201.7787291514601
201.10527567435014
200.43027701113627
199.75364456170996
199.0760138544107
198.397243196008
197.71642988356925
197.0337643589137
196.34953857697545
195.66363829272063
194.97706984568356
194.28098870417227
193.58933742254246
192.89479531572616
192.1977658296989
191.4984552641987
190.7968338751626
190.08940780468146
189.3937296504222
188.68415657065847
187.97144122329846
187.25617249856847
186.53723895252514
185.81873296668343
158.95450000084432
158.074030184103
157.18708952126087
156.2939799059775
155.39390347823345
154.4873288665384
153.5734011060368
152.65220823524936
151.72438083942666
150.7898897695302
149.84688890931238
148.89674128414183
147.93871921046755
146.97356841421774
146.0004399014101
129.25134313207548
128.13712861203874
127.01551222774383
125.8775899895264
124.73778212190314
123.58427335599299
122.4224497183402
121.25178403141415
120.07148835948654
118.89224006059719
117.70454968399238
116.50603884686947
115.28789357247877
114.06284844522244
112.84099953584979
111.60227584853367
110.4685166706822
109.22699640218613
107.98405093923368
106.7378830701276
212.06483718875882
211.40784184001814
210.75164063077875
210.0960989243135
209.44085483496954
208.78609644362362
208.1312017723195
207.47654238473112
206.82116453496997
206.1654984091079
205.50955378823983
204.85296358190172
204.19560020080024
203.53723355443185
202.8785001485228
202.2182780252354
201.55716292453008
200.8947975011008
200.23098393071433
199.56541524092614
198.89887770693818
198.23054924780388
197.5611874182416
196.8895664776077
196.2160388672251
195.541504774165
194.85662395076636
194.17962773306414
193.49812643080762
192.81447906935642
192.12821561360255
191.44005774361625
190.74863915460364
190.05484398574256
189.36633546534298
188.66695036190157
187.96507075696172
187.2600262665364
186.5533929808656
185.8458169337123
161.10761202990744
160.2535192747628
159.39351897611644
158.52726416656517
157.65513554207024
156.77631368022432
155.89094522803043
154.99871901669874
154.10047366601518
153.19541122811825
152.28255013099536
151.36293172830372
150.4363305097445
149.50227472343082
132.36337708626758
131.28350796454237
130.194800071007
129.10485505490135
128.00205215513438
126.89259086194203
125.76771109767887
124.6387266118405
123.49733763537728
122.34738374425211
121.19107232045978
120.03149395916982
118.8595280759633
117.68084399621573
116.495446589968
115.28652228306167
114.07605362819285
112.87093358135678
111.64045110597746
110.52512475555733
109.29635857937906
108.0669209239373
106.83435397582763
105.60271703434246
212.98546684543868
212.33999571919156
211.69592599821468
211.0522065623031
210.40943101320792
209.7670035325275
209.12414301678334
208.48186762616032
207.8390953538493
207.19608657080755
206.5529241047968
205.90932370504635
205.26474715701892
204.61956119317324
203.9734613438173
203.32643073226026
202.67792065143644
202.02875346778683
201.37840982990235
200.72687125554384
200.07406595889532
199.41959851488505
198.76354970649788
198.10582830911767
197.4466913040183
196.78546512242463
196.1227709430099
195.4484700430542
194.78319887260912
194.11742914345322
193.44710159496117
192.77320934267547
192.0976851724162
191.4201018971779
190.73816356586644
190.05491164212225
189.37649143127965
188.6881880316461
187.99609150810392
187.3027321771324
186.60657096763794
185.90954084284957
185.20770684172118
164.0382743822632
163.21515454414651
162.38693264060603
161.55239413062344
160.71305099661978
159.86690029994537
159.0151951355098
158.15712334291808
157.29316222794245
156.42223978399505
155.54465671369007
154.6619443539545
153.7712684407312
152.8740446935802
135.46173527077735
134.41841253668633
133.36744641440905
132.24628207189548
131.17871912314394
130.10182843434444
129.0225453692634
127.93251922946939
126.8326114746856
125.72021360109353
124.6055128072329
123.47380167826287
122.34195200027662
121.2001794138665
120.04865659241145
118.88970280088004
117.72410357751134
116.55228504331419
115.35629725872676
114.15981619281429
112.9611917328367
111.75208665710166
110.64825807602622
109.4370113419563
108.21987792946332
107.00124997486702
105.78427628828727
213.9091919062044
213.27460970781365
212.64154604251587
212.00941720912476
211.37812892570508
210.74752500187898
210.1168698060843
209.48627038239732
208.85551604109747
208.22447872209912
207.5936329113926
206.961642688108
206.32969149777398
205.69682299032812
205.06363690916416
204.42910514073841
203.79379713802186
203.157376178555
202.52012259627605
201.881730232023
201.2416984443471
200.60038411054603
199.95780997463305
199.31365235484617
198.66825027060878
198.0207030935858
197.3720266096883
196.72092469881878
196.0687929501982
195.41265053195647
194.7517877854711
194.0940846549948
193.43288038129012
192.77032010791123
192.10468887416377
191.43508105299864
190.7656414377447
190.08965641476485
189.42491972978922
188.74472401439957
188.06439477985316
187.38134693326822
186.69599463815015
186.0075175907939
185.31616715728296
166.07887424131724
165.27984506537982
164.475795151385
163.66643250262288
162.8509061381636
162.0307973760395
161.20417926403266
160.372623446546
159.53523926021455
158.69155209019365
157.8415832182569
156.98528629237168
156.12316442473295
138.42163894358507
137.41369397995322
136.39794339856138
135.37432281603245
134.3425783872571
133.30237453454228
132.25596741022076
131.13634455724014
130.07218119432946
128.99853167897385
127.9254324809122
126.83964661828968
125.73957635714915
124.6354970894522
123.52339752389044
122.40028126403236
121.26985660655788
120.13146956568862
118.98586167831444
117.83365507966319
116.67514176686741
115.49392144378886
114.31969422796244
113.12470134310665
111.92908566850792
110.83656872765621
109.6382457539937
108.43726076038628
107.23489471443526
106.03150789301003
214.83574777136025
214.21177309347246
213.58884830663865
212.96772163866004
212.34774933355416
211.72749613037175
211.10822241126775
210.48935486266495
209.86997743744863
209.25090028469245
208.6310303230277
208.01161751540198
207.39130383262852
206.77049021625783
206.14898943360942
205.52711331858396
204.9037236688614
204.2802039979422
203.65519135929858
203.0292192592588
202.4020125071707
201.77386544985876
201.14417974748946
200.51283141621013
199.8804611410448
199.24622224245246
198.61064160939745
197.97361173816745
197.33433136390974
196.69444551061957
196.05203178846713
195.40441095785275
194.75403480708655
194.10598005155873
193.455749588983
192.8026300473675
192.1462804269664
191.4881639849323
190.8276117840138
190.17292768484094
189.50701533531583
188.83735379461453
188.1674287315913
187.49512289393812
186.8198217045597
186.1416236191886
185.46101318040996
184.77700288551125
168.07867453077793
167.30264936092829
166.52162940133005
165.7355378385617
164.94449227269607
164.1478274802442
163.3461619675659
162.53945919276825
161.72716815476602
160.90944952195852
160.08590947652203
141.3047812957782
140.3313791430173
139.35019130642308
138.36047047767994
137.36467577905375
136.35951226495874
135.3466245702084
134.32669037992076
133.2992681588408
132.26330113031003
131.15415039105042
130.10334541248142
129.04093184590673
127.97326509772004
126.90491787256644
125.822498721325
124.72565212913422
123.62742437528783
122.52044747851603
121.40296012509229
120.27791198360082
119.1460615351491
118.00711719240692
116.86223604323864
115.69218001447275
114.5254348565355
113.35099397126599
112.27602531965353
111.09431666191095
109.90903083512525
108.72091956030174
107.5345086020308
106.34320325933234
215.766932767835
215.1511789227972
214.5386952396797
213.92729626304796
213.3170835485812
212.70826632212354
212.09910795519394
211.4911180473533
210.88284238683127
210.27523657385677
209.66699963178374
209.0580500496426
208.4495491399104
207.84008878806625
207.2302097277144
206.620118185054
206.00916144321874
205.39705138957422
204.78413324209396
204.1703676169867
203.55550800723364
202.93921979030287
202.32206793758158
201.7037125887631
201.08347490552768
200.46261954086165
199.839807223757
199.2152691192104
198.58969268671743
197.9621958298999
197.3333645738737
196.70258696902005
196.06951865487127
195.4320433331319
194.78981277672068
194.1532811822859
193.5124201636683
192.86821136157053
192.2218749220127
191.5736866679823
190.9220192323063
190.27806724055563
189.62294226173066
188.96520792942442
188.3034083256958
187.6413492120379
186.976308775312
186.3083888308583
185.63778191019574
184.96461250867668
170.79757514483455
170.03941682205584
169.2847043659799
168.5259212252686
167.76235717485756
166.99402185771126
166.2210737392653
165.44291160894264
164.66001961903416
163.87160823363268
163.0783590277255
144.11199829083168
143.1715938465951
142.22386498597317
141.2687464123387
140.30641696440816
139.33578269127258
138.35789238834582
137.37194362147974
136.37851426925707
135.3781377698062
134.3692071594025
133.35273023720384
132.32866215618517
131.23256078171116
130.19103062062248
129.14338787750762
128.09020412862114
127.03161325721025
125.96533724149651
124.8856010767632
123.7952183108409
122.70135965821561
121.59724578910078
120.48633192501262
119.36723749533522
118.2420695026498
117.11135700777947
115.97416558415388
114.80303397912994
113.64239592291595
112.47743675651326
111.41291422889948
110.24351052766875
109.06711644768913
107.89402040775715
106.7174106025098
217.31986055338595
216.70257563500755
216.0950002065886
215.49062650560205
214.8883619612386
214.2882007440194
213.6886767443416
213.08990654294058
212.49206018655087
211.8944397698546
211.29726002847275
210.69944481042117
210.1019529638176
209.50418828083468
208.9058780779726
208.3077784687405
207.70828957348195
207.10870223945076
206.50795497192445
205.9068863572871
205.3048785873062
204.7016267202532
204.09742817814669
203.49253778692363
202.88608300589058
202.2783672755189
201.66957080282938
201.05911761885247
200.44718109574447
199.83432626583263
199.21963023377626
198.60308110806335
197.98542260373682
197.3656836679993
196.74475182813737
196.1213329974336
195.49385984630126
194.86033391125514
194.23321196623505
193.6014321604967
192.96664155393034
192.3305774065864
191.69210340638392
191.05004084334348
190.4159091581466
189.77051184650128
189.12310766679184
188.4733058305871
187.82091749680703
187.16395927096517
186.50675744986782
185.8459303075627
185.18295162019646
184.51672880018572
172.68331856878135
171.96166746216102
171.22791373690768
170.4905622243217
169.7483814500673
169.001827968058
168.25090958625998
167.4952205568161
166.7347817970532
165.9694821442124
146.83921147409714
145.93244576127412
145.0178574026312
144.09826370526628
143.1687919927462
142.2319763425145
141.28750440481952
140.33603053524044
139.3769136402346
138.4099677853748
137.43494829422087
136.45373416456064
135.4642351612331
134.46841257617368
133.4632896385161
132.4512089989715
131.43238518554466
130.33818362387674
129.30345473348768
128.2614531147208
127.21309462789863
126.1610224051897
125.10047995876559
124.02169678950965
122.9410562217878
121.85121299271289
120.75351056060295
119.6482645688992
118.53673213453672
117.41991222746687
116.29673262096746
115.14057487292175
113.99538266328385
112.94574123031886
111.79102252927237
110.63361855131738
109.47524990619047
108.31400165315904
107.1526996288441
105.98853798527009
218.2584305115942
217.65128913901012
217.04337205708973
216.44573497519426
215.85202028800603
215.25973758546235
214.6699377108776
214.08054809748268
213.49244694674198
212.90505124377006
212.31758029598717
211.73007830606792
211.14295845786984
210.5558605327763
209.96831865053443
209.38066330366425
208.7924534441804
208.20317486364573
207.61381933826038
207.02364068623598
206.4325581905818
205.84130620624327
205.2486658785039
204.65490634372907
204.06020634111974
203.46436230136592
202.86695434661723
202.26905052073985
201.6690836506368
201.06812272123992
200.46588414283553
199.86225394872378
199.25661125453902
198.65005402436665
198.04131258985814
197.43093476195003
196.81935039196557
196.2035822135088
195.58528848800088
194.96329724669525
194.34302144797172
193.72113331260692
193.09742463607185
192.47048603824132
191.84171965448
191.20854790086682
190.58446606820013
189.94940679928354
189.3115299542282
188.671114305415
188.02851087552435
187.38361683125154
186.73461545966035
186.08393287923414
185.43113042474727
184.77408930612012
175.25921539855935
174.5558394978438
173.8468683900179
173.13343865158075
172.41639374082462
171.69449700082012
170.9687304519502
170.2390261513106
169.50496428255303
168.7664003284699
149.4971154081747
148.6197695788571
147.73720178096943
146.84619676415372
145.95050712886476
145.04795506359937
144.13604271685736
143.21811631320355
142.29233105809618
141.3590448819507
140.41806403217774
139.4709027277319
138.5157720986763
137.55299679766043
136.58286612387653
135.60543103474038
134.62099616144425
133.6297773903738
132.6296581268191
131.622500001219
130.5418388552517
129.51998361732058
128.48941084309217
127.45412366110622
126.41471219848196
125.36420081003983
124.30833541260841
123.23843861967208
122.16193231519804
121.07802034585137
119.9863286993008
118.88932308598692
117.78616815981762
116.67742454471335
115.53701002272503
114.40645847225412
113.37068818837552
112.22887670268815
111.0859891548337
109.94040803026046
108.79289288844444
107.64606856530106
106.49443545420488
219.19227583655635
218.60024534672056
218.0049079621253
217.40625835598203
216.8181334263442
216.23380586838027
215.65214862650066
215.071622537282
214.49238165156768
213.9142400279946
213.33644744051583
212.7589750198925
212.18145837210054
211.60403498338204
211.0268188436317
210.4496069451653
209.87127850628713
209.29306927580282
208.71396441741663
208.13465606002686
207.55485971503472
206.97403117454644
206.39234990128378
205.80980859888317
205.22627206978976
204.64171280251705
204.05600960728347
203.4694779064712
202.88156585624685
202.29200736672868
201.70191586003295
201.1098665568517
200.5164180157131
199.9217806340222
199.32582762367775
198.72787907099317
198.12830428800729
197.52749311640267
196.923800377171
196.31645304156092
195.7081130566097
195.09798764563456
194.4850766933327
193.87290103901668
193.25724848546002
192.64023145996825
192.020824841763
191.39698572657537
190.78245497736782
190.15664774385925
189.52881133112055
188.89819421633814
188.26525505143468
187.62955629911994
186.99187477308044
186.3515244750772
185.70799898530348
185.05929806585337
184.40785865084544
177.07272893338165
176.38760023723805
175.6970843864838
175.00246541853255
174.30437021069994
173.60276180591384
172.89706193744993
172.18725255255097
171.47356840084595
152.0845386636554
151.23665687713833
150.38324664660524
149.5227036289652
148.656707234838
147.78186524921006
146.9059385516624
146.02001469966328
145.1265846981192
144.2255016346259
143.31854128268319
142.40325773132255
141.481773871371
140.55315518205836
139.61675439813033
138.6736348153069
137.72291698443206
136.76433474171463
135.79975073929725
134.8269213455491
133.84745848790465
132.85969805048074
131.86648197708996
130.79868827536055
129.7883275560064
128.7718463418435
127.74967717483682
126.72014854353588
125.69119071180872
124.64466613468434
123.5907990988043
122.52740631154899
121.4580990323791
120.38067282208472
119.29710752431141
118.2080423697041
117.1133005728667
116.01261651051026
114.87376923576062
113.84748941430661
112.7235652286218
111.59784052913854
110.46259107593212
109.3296555304811
108.19456385420816
107.05775113578657
220.1241456820867
219.5461947465967
218.96450420647054
218.38040728683157
217.78970360243332
217.21055327269852
216.63610957510716
216.06336767163089
215.4926139664291
214.9224374569936
214.35410369388336
213.7858631044059
213.21746459582792
212.650064273513
212.0817766886817
211.51456240695398
210.94644563746192
210.37815089608145
209.8094350715748
209.24028677853877
208.67037888909047
208.10028729942616
207.5289748003371
206.95707465827348
206.38466825642965
205.81108394034254
205.23653975164152
204.66076624508557
204.08394587759327
203.505862738758
202.92712879565272
202.34691444100204
201.7650425672178
201.18243467862231
200.59761973088501
200.0119085887864
199.42446467288565
198.83557907387518
198.2453985923338
197.65319093148958
197.056852260429
196.45883718538155
195.8598913726559
195.25915616684853
194.6559680499837
194.0521257647934
193.44627391364767
192.8383793525796
192.22814693407383
191.61451060982859
191.01121902732055
190.39241885299697
189.77355307995862
189.15273256497454
188.52909246046843
187.90346469291495
187.275112062738
186.6441896162486
186.0109978064499
185.37489764905405
184.73578150407158
184.0940948400864
179.5203833172801
178.8542809557228
178.18473976677808
177.51249111707978
176.8361101991698
176.1565033041062
175.4734063729891
174.78658399339977
174.09627037198746
154.60293704314486
153.7840535856486
152.95856720000648
152.12751222680737
151.2895346008173
150.44678196146413
149.59669374437775
148.7388861876634
147.88003216605108
147.01216966312228
146.1364141387294
145.2530207601998
144.36400563371114
143.46716401167018
142.56451352227273
141.6542580858834
140.73702782566392
139.81287678347337
138.88134601109596
137.94243733277412
136.99666682885305
136.04387819505695
135.08302139801745
134.11638843354683
133.14107096612193
132.16148703953962
131.1717733745545
130.11080329426625
129.10782757680062
128.09712086271557
127.0782132974161
126.0554619755539
125.03344308079524
123.99491612183613
122.94589054185396
121.8908396535516
120.82761193043422
119.75820518496857
118.68311611284986
117.60239509717854
116.51607071497114
115.39410769287723
114.28136606436077
113.26995571495753
112.15715612354835
111.03736282358628
109.92009046694052
108.79714372416241
107.67378153333544
106.54946350013267
221.0539553433323
220.48894015502412
219.92054077040035
219.34960771967877
218.77596809551935
218.19384055504003
217.62274486878238
217.05637861039344
216.49280012168788
215.9308895867764
215.37028023307414
214.8105391293524
214.25156442257057
213.6925760185511
213.13441264373608
212.5754447916165
212.0167819727828
211.45844956417648
210.8991122049744
210.34025705757432
209.7800680159849
209.2198483329742
208.658890121044
208.0975398849966
207.535386480188
206.9720469199804
206.4079292298974
205.84339865818708
205.27727912446682
204.71033264861575
204.14261477872753
203.5731965803391
203.00242481553232
202.43106998372312
201.85806448758308
201.2841635069095
200.70844860015163
200.13079696081476
199.55230306592645
198.97209102256303
198.390397608671
197.8064069581166
197.21861956695201
196.6297470867157
196.0515391052071
195.44794607572587
194.85453317906513
194.25925276781828
193.66210599679943
193.06362102900746
192.46237690758412
191.86810612739026
191.2641181998618
190.65413178313437
190.0451181250712
189.43347317122232
188.81929828180262
188.20309692032833
187.58430559832493
186.96322954468937
186.33953639534283
185.7129645578272
185.08416619090232
184.4522778079604
183.81770327180485
181.25108140888761
180.60222840359498
179.94964947631468
179.2945412013151
178.63579983858725
177.9739655218595
177.30863659554586
157.05572156291512
156.26323648177316
155.4650383442255
154.66171889442566
153.85259045459807
153.03683378703192
152.2158323660513
151.38847258788223
150.55600407555264
149.71492086309814
148.87306171411274
148.0220146334004
147.1641020905329
146.2986509309099
145.42700675927065
144.54895827452017
143.66416980390187
142.77235054956006
141.87426683911582
140.96816655037483
140.05622680698548
139.13678350578218
138.21040597845786
137.27730208716847
136.3369471155977
135.38851980966294
134.43500015438994
133.4725175084483
132.50429497831144
131.5305594071052
130.4821821422736
129.4922581819024
128.49393399042972
127.48969596623266
126.48158806901154
125.46549017205278
124.44582315865007
123.41522682025149
122.37449652351337
121.32536467169517
120.27025435194744
119.21015032078793
118.14346258166665
117.07156047229047
115.99427164081438
114.87244722458904
113.87186755838776
112.77117909402581
111.66737071557914
110.5607884267908
109.4542732685401
108.34237420355795
107.23112279827208
221.97935558707331
221.42770753127417
220.8736740800978
220.31459318244475
219.75329718526137
219.1909271455179
218.61822749885746
218.0530514979396
217.49472132846108
216.94007893631232
216.38641626434926
215.83444920000642
215.28331533697911
214.7329556957206
214.18307991064546
213.63325853461617
213.08398079594102
212.53414721747495
211.98488200058966
211.43452530486877
210.88462239408167
210.33380844777602
209.78255736001526
209.23051563205652
208.67823589090494
208.1255461743528
207.571701967424
207.01704159292373
206.46136072343705
205.9051797142394
205.34752013706787
204.7890228864858
204.2296578648683
203.66871954425093
203.10657801310595
202.54374553679583
201.9790389726534
201.4134225679522
200.8461528904992
200.2773432030997
199.70747632212786
199.1355575490422
198.56272901018377
197.98588890777927
197.40675563782884
196.8391409047176
196.24576843424404
195.67535056005633
195.07856899201167
194.49209160349852
193.90446453257445
193.31454206726653
192.72269512441153
192.1387263962419
191.54283609644958
190.94104003738633
190.34131446967868
189.73866067932687
189.13414656609618
188.527361506403
187.91806437988484
187.3062801115841
186.69191176073969
186.07556930208546
185.4560597876921
184.83433840851418
184.20959677892847
183.58214901205895
182.95179090868822
182.3189943348741
181.68305753038467
181.04436616139273
180.4023839044771
179.7574450424859
159.44368610456743
158.678104045592
157.9060067133686
157.12835390448006
156.3457053037459
155.55769372219578
154.763522947616
153.96485297818685
153.15913890899338
152.34885792880453
151.5316577338544
150.70760073437188
149.88364219767251
149.04948487544908
148.20822508719615
147.36060766683374
146.5065604792049
145.64599378813128
144.7786149776979
143.9060782289299
143.0263990061336
142.13959569847987
141.24580833433672
140.3452114085908
139.43886562397427
138.5248501340327
137.60355475513884
136.67554221992242
135.74178948601656
134.80067650556964
133.85199197636518
132.89570511988225
131.9333202702648
130.96519581152398
129.9212702795882
128.93954906079023
127.94912263577775
126.9564105196618
125.95114958276997
124.94204788001406
123.93013574925283
122.90615970679058
121.87257332750113
120.83196665184886
119.7855493642619
118.73321484473274
117.6758893532577
116.6125086598975
115.54523212934393
114.52238883949848
113.43339135113682
112.34757962550768
111.2547377744325
110.15946162189911
109.0610861859949
107.96194599991973
222.903301023522
222.36194790718855
221.81963556666634
221.2756807556527
220.7259480840933
220.17534840780212
219.62201116155794
219.0623168315498
218.50099998251332
217.95020152116086
217.40268330687235
216.85771767786414
216.31439001350074
215.77179721089675
215.22939978655572
214.68809432510213
214.14705648022087
213.6058050810471
213.06505189453992
212.5241307829068
211.98313157864845
211.44114450953748
210.89946838355144
210.35746519887053
209.8144206447481
209.27097123902834
208.72688627157123
208.1820643259099
207.63660523363205
207.09010216718718
206.5431158638228
205.99458886747743
205.44536640991615
204.89554745625693
204.34388711169035
203.79178313242454
203.2376349059636
202.6828132179972
202.12699005072363
201.56938410548256
201.01064528555364
200.4502112928069
199.88870821599326
199.32539032013977
198.76092246370075
198.1909019469421
197.62122335742916
197.06189522539577
196.48902812892834
195.91539164926127
195.3274995513642
194.74984420853525
194.17105995507373
193.58999894356396
193.00655469797442
192.42153570048407
191.8463017669564
191.25500344599567
190.66120689724988
190.06834837083846
189.4725937162407
188.87525001997173
188.27493944624234
187.6728838272119
187.06799327018945
186.46071448198356
185.8507276370775
185.23881818974382
184.62354800811127
184.0064605328153
183.38592207169788
182.76287435706803
182.137319995358
161.02714945683982
160.27970816117067
159.52788011901242
158.77250170163137
158.0105272594921
157.2423384872832
156.4697851126645
155.69109597773013
154.90747846125026
154.1188778754137
153.32360930357842
152.52276667814888
151.716101927505
150.90803913653437
150.0911982683419
149.2665320231983
148.43617607996538
147.60036275550277
146.75673541940293
145.90798035595725
145.05285990217874
144.19119022214275
143.32319464123927
142.44847521030755
141.56736784363423
140.67982049086496
139.78491960863235
138.88328411232226
137.97508382410413
137.05972400553105
136.13986242650725
135.21009700824175
134.27537595458864
133.33333344826548
132.38513532496165
131.4306966749505
130.4017321748771
129.43076428920102
128.45502649668217
127.47032793672042
126.48294627326707
125.4892258613837
124.48975862330667
123.47473108719177
122.46560158049866
121.43969491182288
120.40783207326716
119.37017741021614
118.32664695992497
117.27823882403531
116.2251077465151
115.12276985219037
114.14798030468484
113.07128423610929
111.99439006094721
110.91357933816033
109.82769172181428
108.74194087146893
107.65580904789678
223.81585816827038
223.2933527656102
222.76327002651684
222.22897022564138
221.69459383098183
221.15473037305844
220.61371380633858
220.06851829267794
219.52133627977025
218.9659549040019
218.4211894408071
217.88131826077705
217.34434821878344
216.80860338205946
216.27371026924982
215.7399653725087
215.20677544132974
214.6737823365569
214.14112724769097
213.60855784820455
213.0760140883826
212.54332998301268
212.0104838309882
211.47719700863408
210.9433461789971
210.40921627001075
209.874467230236
209.3390298397592
208.80318402109233
208.2664699933328
207.72895058567224
207.19070289605904
206.65131465687674
206.11137448616338
205.57018979161288
205.02817070419374
204.48482954762605
203.9404321141502
203.3948422968234
202.8478679714504
202.30025655691216
201.75047841863997
201.2001049069406
200.64767006424125
200.09432921522676
199.53972914702413
198.98203815347418
198.4210945583168
197.87067013687673
197.30852874915556
196.7447852060632
196.17926516279172
195.6125915751507
195.04345781290007
194.4607190071711
193.88844866702158
193.31368906111697
192.73795864469966
192.16717257874035
191.5896328692566
191.00379166884628
190.41952677115745
189.83346606536497
189.2449782745206
188.6538294382656
188.061181786263
187.46544616867064
186.86770679349033
186.26755151656698
185.66443091071048
185.059460635703
184.45165908551692
183.84117798230744
163.31570614722472
162.59234133609039
161.86493989237835
161.13151078539047
160.3941098001066
159.6517560005597
158.9054772235017
158.15304200556383
157.39582937968478
156.633607461724
155.8653140264412
155.0918511021142
154.31304252797634
153.52798599765657
152.7369515435958
151.94495818333428
151.14556170704617
150.33795629976785
149.5246710544122
148.70566246199562
147.88049229882904
147.04922427619516
146.21192933110984
145.3681347252259
144.51784703976847
143.66204108976237
142.79900989500052
141.9304413972884
141.05466881385163
140.17279498180108
139.28383973394133
138.38888551719575
137.4871329688954
136.57855114243944
135.6618965275212
134.74091856601876
133.81209322730314
132.87704370151005
131.93597723372298
130.98858754816203
129.96507401830007
129.00148946661915
128.03353467372975
127.05961075105995
126.07813371589637
125.09143353158753
124.09743359405685
123.1016721636016
122.0918595179001
121.07453812201123
120.05109658960566
119.02272982356263
117.98890443085027
116.94970633313369
115.86438487714635
114.90745283601245
113.84162418944388
112.7812635086288
111.7121545864062
110.64230615389204
109.56937917306378
108.49473052172576
224.21589935111066
223.6988185073299
223.18022520930487
222.6548874218754
222.12948266528062
221.60057813471371
221.06695630293157
220.53196543800803
219.99453692309672
219.44823878952383
218.9078901756566
218.3744626933182
217.84438473799062
217.31632849063448
216.7890288144057
216.26353728236919
215.73808935646412
215.2132743378479
214.68874688968626
214.16414188308516
213.63973964292066
213.1152739780994
212.590497252274
212.06548034347912
211.54028553517065
211.01452775609468
210.48791322364755
209.96130042009514
209.43363863847344
208.90547836758734
208.37672806756092
207.8472086061019
207.31648974801763
206.78554823701597
206.2526218110918
205.71943525931007
205.18546734551762
204.65022910714242
204.1135587807501
203.57630708930958
203.0373777795776
202.49725230871644
201.9560567961771
201.41351866587684
200.86920126021056
200.32372722810692
199.77693110595447
199.22615467865137
198.6741032369643
198.13222821324726
197.57835752289125
197.02292034747117
196.4656510250377
195.907003085532
195.34690791734556
194.7853350033793
194.20892411723005
193.64301739218556
193.07560052112828
192.50576609725658
191.93422870874846
191.3711370431364
190.7927281181079
190.21535690242874
189.63560239322638
189.0537842514417
188.46999316722602
187.8839044914251
187.2953533546288
186.70426981853674
186.11069961537635
185.51511919964787
184.9168958936391
184.31572581299955
183.71254061175156
165.54864371673978
164.84705836300708
164.14108027862983
163.43172245877923
162.71640313265868
161.9980514376671
161.27426655056144
160.54717560437032
159.8139955013021
159.0759874440906
158.33461922988005
157.58758717854894
156.83488922334686
156.07814429547463
155.31460618433115
154.54602546147166
153.77095055399104
152.99063033300789
152.21172701719422
151.42047015658494
150.62477009754926
149.8222045353472
149.01430708130155
148.2002568524724
147.3804124441239
146.55503995553636
140.60058955979696
139.72529421170242
138.84309965604837
137.9540604314506
137.05903176587094
136.15658109437567
135.24860246731137
134.33308186836442
133.41037945944177
132.482294766392
131.5476518879573
130.5423973900469
129.59251978589165
128.6382454776012
127.67756406717689
126.7120750654361
125.7392045654645
124.75816666620126
123.7708654380424
122.78595418644558
121.78384478375347
120.77525167028713
119.761352562469
118.7419056899148
117.71725573923094
116.68766940111146
115.65317408258099
225.14700767678454
224.63259935518886
224.1191678217273
223.61267816555065
223.09665741436632
222.57830784044148
222.05952461059778
221.5350238851044
221.00982492035257
220.48068425908818
219.94730430487328
219.40928442482095
218.8816317481178
218.35856759726522
217.8373018609987
217.31796053963734
216.7989142023031
216.2817510421622
215.76455636924516
215.2475203539039
214.73069442327375
214.2143052869281
213.69743281374525
213.18113901573855
212.66404302609658
212.1465422864257
211.6291958403523
211.11067896713283
210.59257528515616
210.0733106061599
209.55358520821318
209.03276080518938
208.51156315166116
207.9900776428238
207.46724016038692
206.94332697260958
206.41892738398013
205.89325963033795
205.3668038672931
204.83876324700086
204.3100384923228
203.7805586744721
203.24926269542536
202.71739495867004
202.18373126285186
201.64908019835516
201.11295624897843
200.57521837404803
200.03680668886614
199.49365564113984
198.94905861534033
198.41541449513497
197.8693607939573
197.32242380625806
196.77326216684307
196.2231108929491
195.67140392405403
195.11791919660882
194.5630272517368
194.00593988408198
193.43368351553886
192.8730672539246
192.31034157896502
191.75666717279205
191.18817257528548
190.61683934990532
190.0462971944032
189.47336421352193
188.89820801126004
188.32130103555465
187.74194866781363
187.1598880887524
186.57612518036794
185.98981142177692
185.4009290953247
184.80939713278985
184.21563435191655
167.72687984522972
167.04625101259964
166.36171109856505
165.6734580451604
164.98080453713524
164.28427393026436
163.58231524529316
162.877194692726
162.16770025593627
161.45404180078708
160.73460364133197
160.01211309859283
159.28353837830517
158.5520027598544
157.81507511840644
157.07306703211137
156.3257241570358
155.57379247139713
154.81468880933585
154.05470920821077
153.28738474481804
152.51326628684973
151.73340721350482
150.9473812006582
150.1569709792143
149.36018290487667
148.55763287128593
147.74940860386013
146.93574256788807
146.11517294979683
145.2894342671915
144.45737939796376
143.61941934148393
142.7753371715195
141.92440810616964
141.0675437644683
140.20410225088753
139.33577157307127
138.4599155297058
137.5768164477081
136.68861166121005
135.79318277623082
134.89283148510356
133.9838593218974
133.07082908832948
132.14915864193304
131.222942822589
130.29016702695301
129.28107461570613
128.33443280048718
127.38367575500037
126.42385488552831
125.45790027229438
124.48602460187932
123.5100258134596
225.56993426748303
224.55607290990216
224.0572045350985
223.55205040641601
223.042173374574
222.53238277958937
222.01791503241864
221.50075773118417
220.97998295961597
220.4582061673049
219.92665474551833
219.40269756840934
218.88518037202851
218.37062040252366
217.85771303375606
217.34654046403776
216.83598931253994
216.3261139352207
215.8166512526222
215.30778927502152
214.79885297357737
214.29005134219173
213.78066711760556
213.27156137099604
212.76253737830783
212.2525202176454
211.74223150175968
211.23158301839004
210.72081492005873
210.20924836241198
209.6967969890116
209.18363217358007
208.67031520775757
208.15595791694082
207.64049076170843
207.1240270811018
206.60732113109262
206.0891585496386
205.5703153693155
205.05006300171272
204.52923794646895
204.00666788345407
203.48323965798724
202.9587769816145
202.43323902666614
201.90624254226654
201.3774552334646
200.8479220771986
200.31733914199512
199.78155416952907
199.25620661765763
198.71911556368275
198.1811816853552
197.64218034289786
197.10151171798668
196.559859192822
196.01594823530326
195.47056253121883
194.92369670037948
194.37480602588633
193.82443255436434
193.25908531497615
192.70476242078252
192.14843140505943
191.60123929129395
191.0373363670009
190.47558643952294
189.91170227190398
189.34567744249222
188.777023666389
188.20696125583035
187.63382957927337
187.05917736131818
186.4820794840727
185.9020862509716
185.3203030904458
184.73613884823476
184.1490984336842
169.19283355159524
168.5281951659154
167.85992983963712
167.18873494205081
166.51206315553605
165.83304821581729
165.14893508294833
164.46177731581946
163.7692467777096
163.07229494813913
162.37233331720725
161.6683811553207
160.95894162350692
160.24595706227964
159.52668726132947
158.80413656792874
158.07698827784444
157.34582428446146
156.60841906015526
155.867183653265
155.12020502416303
154.3689543552616
153.6132061153927
152.84972355060634
152.08077375910082
151.30636292536474
150.52697629313718
149.7418810087159
148.95060335954975
148.1544825376747
147.35205315895234
146.54372916511434
145.7297931845519
144.9105587693684
144.08445969932166
143.25263318783436
142.41469369506757
141.57065494375178
140.72082808265887
139.8642091008567
139.00117891685562
138.1322697611676
137.2577795537974
136.37563848216212
135.4878866327329
134.5933734032312
133.69499488950834
132.7863975397135
131.87463452173338
130.955491241279
225.01038795890207
224.51280509692262
224.02026329486932
223.51939581163865
223.01674853601804
222.51250756603864
222.0031956162955
221.49314978287876
220.9789090933699
220.46113774195254
219.93734640650203
219.42483155383297
218.91592132199904
218.40985001562507
217.9047377274766
217.40148624230812
216.89830817262998
216.39617142986916
215.894441984676
215.3930134704323
214.891127302148
214.38996485083678
213.8878481336219
213.3864801274533
212.88422320831026
212.38174982987826
211.87871052850858
211.3756352972748
210.87196206476108
210.3677784806605
209.8627058009446
209.3571010712823
208.85055792147352
208.3437496447323
207.83548131422344
207.32657757202128
206.8169277212342
206.30619912438524
205.79511833816406
205.28243351970156
204.768561139812
204.25401269766698
203.7378925037787
203.22080596045114
202.70287044144538
202.18339433946858
201.6629357413155
201.14084965749623
200.61737511771292
200.08904054950779
199.571805246335
199.0429790828936
198.5127369421985
197.98163830625842
197.4487976611926
196.91468097468004
196.3794574941755
195.84198817235423
195.30309154246814
194.7626220955179
194.22078317393982
193.67656720158334
193.11755008908315
192.56958609157795
192.02778924151465
191.47929981600566
190.92218803062937
190.3671083409294
189.80954703449848
189.25017115366688
188.68842785973652
188.1250699531957
187.55899658600384
186.9907710270224
186.4201396927794
185.84747808195192
185.2724412889453
184.69520106810467
184.11516881879362
171.28707067818627
170.6421637899245
169.99312986845234
169.34129947191832
168.68517734468267
168.0261835018739
167.3626283652792
166.69607504657432
166.02462601445268
165.35004672743614
164.67115881272315
163.98835869957318
163.3014024097741
162.61018693947875
161.9152481699679
161.2151781656282
160.5112065741916
159.80303891765433
159.09020843074038
158.37357907647362
157.65034406892534
156.92467746548692
156.19323342711334
155.45714608843483
154.7160200071134
153.97132683571252
153.22037737377372
152.46252762018472
151.69890621793456
150.93112270254298
150.15697952296532
149.37777748625638
148.5931388637523
147.80193099594794
147.0063388960995
146.20402668933937
145.39718929796484
144.58364694011624
143.76375979050357
142.9391175309887
142.10758018733532
141.27008684319162
140.4270420116578
139.5776049032986
138.72230526654994
229.4036922375898
228.90739263083438
227.93080863303766
227.43815653060258
224.498653636132
224.00879975312375
223.51304493432957
223.0176938939291
222.51848834925946
222.0158448413866
221.51051649926018
221.00421585786196
220.48803208243214
219.97658297821997
219.47276982778843
218.9722566831494
218.47377919482136
217.97692775183714
217.4810702613828
216.9854882460167
216.49074358259946
215.99582193782362
215.50147476934345
215.00734962240722
214.5127183683296
214.01846455326844
213.52351948034664
213.02849226783158
212.53321852321145
212.0375212069835
211.54181836911872
211.04480398884024
210.54750186399542
210.0497921689447
209.55166240645354
209.05222723448787
208.55189367624104
208.05129698159269
207.5500355985669
207.0472536107421
206.54394862061977
206.03987878662412
205.53420042009307
205.028158820231
204.52087746851853
204.01195770141143
203.50246581902425
202.99177769641136
202.47974560147924
201.96654908294488
201.45231526926432
200.93670252745423
200.41578445068103
199.90609044639385
199.38451862589662
198.8627180800678
198.33927631904842
197.81427354473058
197.28819885751037
196.76041216903053
196.23092742559894
195.70029809784435
195.1680749942473
194.63399861478752
194.09822613053012
193.56027680079006
193.0080086919584
192.46657645023743
191.9236790567082
191.38960379270526
190.8387019484271
190.28968799753636
189.73922734939157
189.18650010128906
188.63170874511832
188.07463411050136
187.5153321276049
186.95381501086428
186.39024616053928
185.8241456207602
185.25610591066302
184.6847285346342
184.11150417298444
173.33230654891824
172.70589417452163
172.07559331642673
171.44206170676463
170.80523988584156
170.1650567167975
169.52167061616618
168.8742655581579
168.2235722707077
167.56883339638492
166.91056753971017
166.24846079626062
165.58257313418068
164.91260979355536
164.23838109776403
163.56104484487946
162.8796386449163
162.19371502989884
161.5038295295706
160.8094228470161
160.11165023369057
159.40813102786066
158.70087612784275
157.9882384139623
157.2727078944074
156.5515575785833
155.8254666728081
155.095604293718
154.35967550906824
153.6200018648619
152.87544707368096
152.12401322102164
151.36650799972358
150.60460802272473
149.8364317829895
149.06386074106436
148.28474675448453
147.5009010477321
146.71100457319002
145.9156201934449
145.11465482528013
230.8044707652887
229.82586609149925
228.8492088724712
227.40514289516213
226.9230982205866
225.47006943100993
224.9853896062431
224.50755826328614
224.0212830211878
223.5326649898144
223.04353340157815
222.54929246864702
222.05307736606457
221.55354480437592
221.0517206328762
220.54104964374943
220.04094773182513
219.5455686120309
219.05316781143213
218.5619772174317
218.07221642717568
217.58315374356073
217.09494463170083
216.6071399713247
216.119570483477
215.6322723354967
215.14507291008087
214.65772688998777
214.17027720267984
213.68263900747112
213.194401540831
212.70591609800258
212.217200243314
211.7281952602485
211.2384625722213
210.74847491007745
210.25751879003326
209.76577307953679
209.27357422379777
208.780627976163
208.28705951817508
207.7925653612696
207.29713611479934
206.80058593617142
206.30388975445499
205.80582975842725
205.306295064756
204.80607391367985
204.30476358405784
203.80273447136264
203.29893907042788
202.79466303680346
202.28875377600446
201.78186114490546
201.2729253982549
200.7604352697782
198.1963740902129
197.67791315764194
197.15798756156224
196.63707159513152
196.11407599526828
195.58944686971347
195.0633375569115
194.53569855752207
194.00641277558975
193.4750107670656
192.94193957422215
192.3941021902873
191.85704393346052
191.33022699693973
190.7851348882622
190.24297715756904
189.69933135153852
189.1529343033325
188.60430330928472
188.05417261034043
187.501917927148
186.94712285970883
186.390000180215
185.8313815824077
185.26899761996904
184.7045978062538
184.13777364928808
174.74283665900404
174.1308535963409
173.51502716052758
172.89741050038418
172.27552909585327
171.6506638760696
171.02209797847462
170.39105862030627
169.75607983028007
169.11748201578135
168.47584372920326
167.80457847516394
167.15539149524875
166.50176758083603
165.84549183985374
165.18442979993452
164.51999287671913
163.85134736896381
163.17923190228385
162.50330199207028
161.82238216035546
161.1379243954968
160.44834635797164
159.7545527394623
159.05871983774227
158.3568343429866
157.65045537227198
156.93817654647216
156.2247211518974
155.50482826313927
154.7807677564626
154.05117413925683
153.3177833616595
152.57817818427432
151.8332214660993
