151.2180325130444
150.66076668844337
150.8415255951683
149.62859944959405
149.15664283170508
149.356812486227
149.5516930328609
148.50523404421847
148.71615946718973
148.9212920040183
149.12017562911376
149.30610665212396
148.09026758038075
148.30416435465105
148.5126589257341
148.71087708938433
148.9038860349812
149.08996117021022
147.48029224733506
147.7066787385944
147.92261571759468
148.12797646191632
148.33391524957892
148.527344817896
148.71344549869536
147.12296085719825
147.3480797169094
147.5630364971987
147.77563027811675
147.97681558340503
148.17319279124877
148.36030381696332
148.54562731132128
147.44188158939858
147.64319403866062
147.8396142440315
148.0339843395615
148.21969870547582
147.7226048381892
147.9106186032124
148.08727697496758
145.22771245061858
145.48126446140222
145.72867233912802
145.96647146869867
146.19736958982185
146.41439469083898
146.6318609076182
146.84227704311047
147.0438430422092
147.24357757709294
147.4344311377663
147.62245098054848
144.45224761520086
144.71602093011074
144.97926187661605
145.22418365829392
145.4662283353102
145.70236711156207
145.9320313633128
146.15130635277325
146.363054699264
146.57227488248284
146.77515270675838
143.95672097243957
144.22828248862163
144.48724694683065
144.74584155475208
144.98683052343463
145.2264619833669
145.4586555225755
145.6839413245292
145.90367860472114
143.48462444579786
144.02555923183337
144.27845389033575
144.5305369620358
144.7733137810825
145.00295776802028
145.23302047275774
142.744562574499
143.0272033399007
143.30432570520642
143.56959911909613
143.83382946474265
144.08107036366658
144.33180866017548
142.31157211241893
142.59584831783965
142.87413447863926
143.1421035350459
143.4061449998041
141.5994470953009
141.89704498861212
142.18087467399414
142.45596695599517
140.90180787526793
141.20362687558352
141.49615478313038
141.78377811297602
142.06112452811172
142.3307929195591
142.5959944268957
140.5250549426866
140.82519730013692
141.11690304599938
141.4012501986336
141.68212656421014
141.94896736002198
142.21859540950038
142.47315695659466
142.72530390238992
142.97297003476842
143.21236507357736
143.44359033572783
143.6686160130311
143.89653794279752
139.85879451163893
140.16502777297325
140.46369203455427
140.75498099562148
141.03783947121346
141.31735093744848
141.58709370135145
141.8494287072691
142.1104038713187
142.36318008819484
142.6050135803068
142.84917944547828
143.08093455462352
143.31351990239523
143.53463560243247
143.75272237761345
143.9719717936345
144.17704120339505
144.386502009647
144.58819234039368
144.78133930057402
144.97735635744465
139.52225030905365
139.82114346428747
140.1177290263484
140.40737716595612
140.68903630395116
140.9697203129923
141.23783425051244
141.4970387541378
141.75960337884382
142.00852646613583
142.25697399308575
142.49451549720385
142.73408103118797
142.96485717635002
143.1866071194944
143.40631751523892
143.62273660785837
143.83708278277206
144.0445732283365
144.2429737152836
144.44412972178884
144.63953405344435
144.83019184117288
145.01641489962125
145.20114516707613
145.37936260196284
145.5581697045985
145.73061282662968
145.8977486194315
139.1961511460541
139.49178967235775
139.786449849463
140.07407784456558
140.35432185019064
140.63219841598848
140.90083113905104
141.1632729772628
141.41886816234245
141.6726448208277
141.91970646607808
142.15776032960653
142.3963352928545
142.62649109210787
142.84815540892313
143.07322569400452
143.28711039669608
143.50344341199
143.7078271498113
143.91409207219112
144.11616550411253
144.31242067422096
144.4999702238601
144.69138976803174
144.8742140869256
145.05593325272665
145.23502625084865
145.41062703859217
145.5820404452091
145.74833757732503
145.92066034543268
146.08315818092518
146.2433653327141
139.1765865074035
139.46861292320497
139.75408952623928
140.03373054057312
140.30636646906987
140.5781191234811
140.8386288248397
141.09123544512272
141.34798876594238
141.5915027050016
141.83212098992047
142.06517465687728
142.3010116449444
142.5257548398264
143.17452868493038
143.38403585275205
143.58966247830787
143.7929420580574
143.98923588416062
144.1832670572333
144.37043469623205
144.55648381364801
144.73993039584948
144.9213962544049
145.09734693639206
145.2706328120328
145.44180595388866
145.60531730276736
145.7725226088131
145.9396517136106
146.0972096586437
138.87414929073086
139.1630264012077
139.4465468536726
139.72413381226949
139.9953071335587
140.2613147429025
140.52589655085526
140.7816497212274
141.0284233286702
141.27594603309288
141.51747118318832
141.7504465331309
141.98445074223238
142.21156043869462
142.42761141182208
143.67572864570792
143.86966700089926
144.06231825372708
144.24942875146587
144.4338589212936
144.6137468801381
144.79145168078986
144.9663497431319
145.13854698046606
145.30800719733753
145.47784058932714
145.64122700387338
145.8004837613821
145.9576936007126
146.1140966434267
138.58322397408568
138.86937311883753
139.1503923015341
139.42590820910556
139.69570334700904
139.96044841861826
140.21985186357438
140.47602352477443
140.72189140997588
140.97139041670533
141.20824687722606
141.4451550615869
141.6773645518615
141.90318598467144
142.11943928973204
144.13151839476683
144.31462508493783
144.49621909760577
144.6679679439972
144.84319737547946
145.00923691121042
145.17743631776966
145.34793241234078
145.50949705196098
145.66781471459808
145.82451955935903
145.9784985641929
138.01412451991663
138.30293615731003
138.58633129854516
138.86457303654612
139.13809292906154
139.40581159391624
139.6681512762589
139.92540982485107
140.1804781608664
140.4271679757093
140.6710923472556
140.91397846603803
141.14495508434914
141.37614844227917
141.60522613354144
141.82839138327898
142.03917452865187
144.71954423607474
144.89062868298623
145.0552397228169
145.22051966390958
145.38317854217738
145.54221381577372
145.69638403122303
145.84975593748567
137.74680904335332
138.03235418604382
138.31301826181246
138.58856319426172
138.85966038133063
139.12569521037523
139.3860437105438
139.64566679254852
139.8971540636707
140.13944816007802
140.38351451961867
140.62546537256435
140.8577520759811
141.08945765747396
141.3113162218579
141.53767266279192
141.753704063479
145.57216305530744
135.68329398245618
135.99798668963373
136.3070141844176
136.6100740230662
136.90786207324695
137.2007394995559
137.48816049090067
137.77079467895396
138.04856626558106
138.32149882918148
138.58982322578936
138.85395578311952
139.11241978584732
139.36698274404125
139.61862733983727
139.86192883355324
140.1045026962485
140.3454144492527
140.5750607872302
140.8078850044381
141.0307017858415
141.2540781028468
141.47276064021588
141.67930110652424
134.1589545714528
134.4943765967926
134.81874661595293
135.14095466084777
135.45695324185485
135.76701095892386
136.07136547892938
136.37043933769667
136.66463489945758
136.95363220246435
137.2377928212177
137.51722575592115
137.79208476991155
138.06243257221738
138.328325520645
138.5901744786252
138.84674440965594
139.09920654245258
139.35112352942858
139.59187651775483
139.83689000135354
140.0710284348103
140.30304637569293
140.52969114654024
140.7562110912906
140.9738163865107
141.19616580740177
141.40810043141354
141.61321952526635
133.62252037768786
133.95764086233714
134.28492154140616
134.61213777060948
134.93023010841713
135.23734772729583
135.54286048679873
135.84323741719493
136.13805995791944
136.42818030354078
136.7138354605779
136.99462025170646
137.27095424388398
137.54301678645305
137.81068532034487
138.07412969970346
138.33334057325786
138.58851257348735
138.83927226991017
139.08451727719242
139.33207368051634
139.56780995493665
139.80633262627833
140.03559769577845
140.26131695494
140.48407637701945
140.70545156212876
140.9256028130312
141.1393448480254
141.34659009855315
132.75409977383325
133.09669866818865
133.4321918331179
133.76233626102734
134.09002057524012
134.40490707812677
134.7150458289609
135.02744484041787
135.32492529624724
135.62091738689136
135.9120049205762
136.19852697071366
136.48056620506784
136.75799361865546
137.03134600588533
137.30053198830834
137.56557408459506
137.82645577549224
138.08347442255732
138.3365147708734
138.58544822102283
138.82919747026102
139.0725464842986
139.30898180950186
139.5453890487738
139.7748970837543
139.9986395897459
140.22521241478387
140.44405212526277
140.65734087501664
140.8741621658686
141.08190760731634
132.2474564440478
132.58953692509837
132.9249723396818
133.25412196741263
133.57746557276135
133.89216651767697
134.2080845665139
134.51288122194984
134.81785216340464
135.1163189100029
135.4043588508286
135.69181047556341
135.9743994290274
136.25303244357474
136.52746502438868
136.79757108258053
137.06395453166985
137.32626650042803
137.58477924967872
137.83944938289545
138.0902657042705
138.33686928958934
138.58360185310667
138.8202787668461
139.05440803344794
139.29207552150353
139.51769238523704
139.7419784197196
139.96638249287366
140.18354163236026
140.39770301045553
140.61336063912557
140.82327198964316
141.02683546707578
141.22518471946324
131.7465824163977
132.08823964925287
132.4234057278581
132.7523976573132
133.07562442522743
133.3931445367658
133.70536652583462
134.00868873464916
134.31611209437904
134.61080330244297
134.90691320527895
135.1968812806385
135.47630540219907
135.755615713946
136.03074823850963
136.30188977775185
136.56916987727826
136.83272253264568
137.09236521320253
137.3484129752391
137.60074020845155
137.84948174111804
138.09381145337505
138.33503082719136
138.5764670460576
138.80664958709713
139.03857948623897
139.26788217033027
139.4899323357434
139.7140834284395
139.93022039629386
140.14281247777154
140.35853110991167
140.5669192739346
140.7709057995262
140.97227909470774
130.90732165393294
131.25508311578653
131.5961646397243
131.93089593432418
132.25961293143604
132.58261551147208
132.90012849516643
133.21235808004533
133.51950438189593
133.8218220932836
134.11665959265233
134.41290230281396
134.69891486119974
134.98877146901268
135.26529459180014
135.541282240777
135.81306919180204
136.0811594986806
136.3455173719456
136.60603125883
136.86324689941884
137.11669131851244
137.36682665268862
137.6134463044662
137.85608922015638
138.09580600418948
138.33492540664284
138.56689881388738
138.79426430443945
139.02149064775574
139.2433992707057
139.46556709512956
139.68033706987183
139.89685346341912
140.10789199422106
140.31507782472434
140.5205991277638
140.71967986774484
140.91363951823288
130.42560399660164
130.77252536064043
131.1127839856124
131.4470357867155
131.7751361580717
132.09784497637722
132.41513668827474
132.72725253316912
133.03433746199835
133.33667750411522
133.63432671923692
133.92788156536056
134.2184550233124
134.50089909141937
134.78390559382905
135.06234234134806
135.33073326620968
135.5995974281977
135.86437802453207
136.12586164951455
136.38368260099045
136.63825364242925
136.8893452392348
137.1370699652278
137.38157845580693
137.62242733364482
137.8596444901788
138.09758461093418
138.32714821068672
138.55313577642553
138.7819409710899
139.00057010876225
139.22095005935176
139.4360084597001
139.6503309954631
139.8602934439648
140.06799248465288
140.27171341719506
140.46827278334527
140.66885095630565
129.59997876925064
129.95251000776486
130.29841709247768
130.63779014018183
130.97614313602577
131.298702075543
131.62072329861596
131.93753965537948
132.2494131525213
132.55636558617638
132.85859666532323
133.156249592297
133.44955724526994
133.7385191835775
134.01948944118234
134.3061907873752
134.57948709162912
134.8573133419005
135.123358351853
135.38925997079863
135.65118506745551
135.90972325968715
136.16503577060678
136.41691555128816
136.66570317184235
136.91107476001935
137.15336275896635
137.39251664700768
137.62769171234945
137.86408728498506
138.09265465998175
138.3196011228478
138.5443299283305
138.7612651215512
138.98138649691185
139.19252698573308
139.40735066333337
139.61689038758743
139.82323617382303
140.02667310814255
140.222458327843
140.42472508959085
140.61232348823563
129.14042599815474
129.4918163265785
129.83652450346935
130.17493424660373
130.50749532467802
130.8343081832516
131.15587961864327
131.47211511081545
131.77862660878836
132.0851427642799
132.3871625692307
132.68472511394216
132.97784792878184
133.26688573845803
133.55184382725326
133.83284235568186
134.10758181873987
134.38385893367743
134.65555014267215
134.92288438578262
135.1819613009643
135.44105070360698
135.69679248005934
135.94931695070338
136.19871877792994
136.44509627871517
136.68846309063665
136.9283843965592
137.16557492684777
137.39870095711137
137.6295488368484
137.85778539916825
138.0857572321586
138.3048535212041
138.52623837938748
138.7395607559455
138.954411743962
139.1680383916209
139.37617293891344
139.57747495014826
139.77972091580295
139.9794823312538
140.17919408530392
140.37374595362343
128.3263786077853
128.6833160654481
129.0331704764708
129.37669824734314
129.7140317386371
130.0455100238081
130.37164010224822
130.6924187794703
131.00815229331502
131.31893845437568
131.62511789720728
131.92667623527933
132.21914598211097
132.51205784007698
132.80100660144214
133.08598940120444
133.36709170155504
133.64430620216888
133.91459524031401
134.1883968759995
134.4537587535172
134.72030436838972
134.97645082060652
135.23350248795586
135.486626012276
135.7362877812521
135.9832425222615
136.22718971640884
136.46820352145107
136.70646885153772
136.9413513519362
137.1730641785908
137.4022035434255
137.6314928518781
137.85426220151336
138.07221421221544
138.294451690134
138.50607144135907
138.71967396618294
138.92674136185022
139.13750404266005
139.3425741090662
139.54043752303113
139.73905594249874
139.94009211780667
140.13170932285902
140.3182425364028
127.51517642945717
127.87737080545145
128.23295784728018
128.5818993133379
128.92435852160702
129.26067791778692
129.59117214722443
129.9161163317368
130.23577568150543
130.55037127098177
130.86024743729428
131.16585386870165
131.46701261521454
131.76414282539534
132.05666608354858
132.34044586323697
132.62526362011508
132.9063246234969
133.18361931740878
133.45731438207213
133.72747415997748
133.99162861402016
134.25762123194238
134.51968971817473
134.77761974220394
135.02772213722105
135.278394028184
135.52585426730832
135.77006445230987
136.01165952199716
136.25045516376318
136.4863477446336
136.71948603863478
136.9493455271133
137.17610574810504
137.404587532202
137.6245017495362
137.84605137864983
138.05927844548978
138.27241329999327
138.4871888924194
138.6921226911066
138.90123057011067
139.10548245086406
139.30275385046497
139.5006951388803
139.6992602461628
139.8908753965401
140.07806865236464
127.0749957583761
127.43627690662119
127.7904254136746
128.13785154202006
128.47832378777682
128.81339387772618
129.1427637660927
129.4666813805564
129.78541299075982
130.09918443515357
130.4081825398057
130.71261529001316
131.01266192869448
131.30909082772047
131.60152990264024
131.8897967115986
132.16951463137758
132.4502365871351
132.72760933123158
133.00125183235954
133.27144339955422
133.5382180489233
133.79769655787294
134.06420039463995
134.31804340131686
134.57544520891452
134.82796229617202
135.07181693870595
135.31675776564487
135.55876412051123
135.7979893064186
136.0345232003601
136.26844748894297
136.4995645562638
136.72779761634584
136.95257789933694
137.1749986331807
137.39897041742861
137.6170252459926
137.82960117294627
138.04490798498335
138.2513206250874
138.46024072743256
138.6676765145943
138.87047979059264
139.06621348202262
139.26435753447592
139.45896577192028
139.6532263223237
126.2740799291668
126.640869907106
127.0002656778707
127.35271014342747
127.69859958115474
128.0382587205041
128.37202129655034
128.70016812594577
129.02295607468648
129.34065634912852
129.6530903609956
129.96129071164611
130.26499125012603
130.5643636338658
130.85957632060973
131.15086207906006
131.43882420105243
131.7230627029667
132.0038219210476
132.27573766859462
132.54920011470531
132.81948531142334
133.0863206809927
133.34988692736073
133.6102715071868
133.8650626090512
134.12145057678484
134.37044291263504
134.6242213336143
134.8660365931395
135.10917622315307
135.3489439691385
135.58581887946315
135.82017343682648
136.05195911397664
136.28121044312692
136.5075207701182
136.7308006227578
136.95152944848857
137.17487779593668
137.38807180291695
137.60143768241468
137.81637744945684
138.02293787716775
138.23040484650937
138.43068522121195
138.63604785904684
138.83178186524867
139.02924288632565
139.2228955434817
139.41937023407218
139.60637323383398
125.47471615593862
125.8470532632439
126.21173338767574
126.56921503101431
126.91991106852603
127.26419203748598
127.60239737720815
127.93486214279015
128.2618127767543
128.58350588798191
128.90017611859963
129.21202494040398
129.51929734583618
129.8221530967782
130.12052130154197
130.41507951804795
130.7056870950503
130.99248443515026
131.27572713974683
132.1062474555821
132.3712364369284
132.637823687826
132.90159468588453
133.16198667381462
133.4193952676894
133.6698815001081
133.92634250560235
134.17220244666615
134.4216912169802
134.6660130170561
134.90211075196592
135.14003447804063
135.37492576773315
135.6069525399352
135.83674919836773
136.06400980732835
136.28884417277806
136.51011810628864
136.73047623387544
136.95107144580174
137.16248845182025
137.3777700150386
137.58451793303053
137.79390963567198
138.0006983617483
138.20051182032603
138.40377358452355
138.6028143931444
138.7952494183398
138.9882419139354
139.18385898019338
139.36978085208028
125.05449960263604
125.42451780754178
125.7870823814382
126.14262884304505
126.4915472027748
126.83419919887784
127.17090414532683
127.50196198555535
127.82763214240227
128.14816985748072
128.4638176689757
128.7747290540019
129.08108874475778
129.38310006964073
129.68092640454608
129.97474028795085
130.26465006706908
130.55069698631237
130.83327162814274
132.71675629993672
132.97433958154394
133.22872070809333
133.48041559268347
133.72637527473128
133.9753304165552
134.216105402761
134.4615093566237
134.6958849745888
134.93169745456984
135.16451100160234
135.3948028569696
135.622313119442
135.84764828901936
136.07068325027544
136.2907307511171
136.50792339331542
136.72352576612542
136.94069452521885
137.1502022430952
137.3570073598701
137.5676185284263
137.76789544668827
137.9728103405996
138.17302211546706
138.36994813149306
138.5609383655592
138.75464084466748
138.9444633652946
139.13425866460543
124.26270169405623
124.63813625688813
125.0058552819457
125.36631635034836
125.71992372676644
126.06706238420783
126.40806542095741
126.74325211456419
127.07289936115926
127.39727131497145
127.71658946641442
128.03109403291327
128.3409911248188
128.64646191875892
128.94764662580326
129.24468233224977
129.53773963247085
129.82696569280955
130.1125016649166
130.39445218096446
133.03794231203352
133.28677591412253
133.5292268697149
133.777672009777
134.0153836244151
134.2573456058032
134.49404066164237
134.72347367077313
134.95446110266235
135.18270658412942
135.40863234178036
135.6318206638615
135.85303761677056
136.0714792247632
136.28734110467178
136.50181991389826
136.71700528433593
136.92395815149868
137.13005410842368
137.336276441741
137.5402323589408
137.74274589187948
137.9391790968187
138.13729828332688
138.3280259869161
138.52102403454836
138.71084007981182
138.9024467428171
123.47119759425848
123.85210751099962
124.22504544132516
124.59048475358507
124.94878553750918
125.30048179795014
125.6458508316282
125.98521769292572
126.31886886890503
126.64714431427396
126.9702002688803
127.28829302112698
127.6016637631508
127.91048623267805
128.2149387681827
128.51520897057532
128.8114424401178
129.103801007165
129.39232506058346
129.67721355938122
133.33648023205083
133.5743525255126
133.81637442764122
134.04940644299853
134.28770277214556
134.51491864954124
134.74439080290813
134.97077184732515
135.19474755750417
135.4163954867871
135.63568807124142
135.85275376323327
136.06681847920046
136.27876920514572
136.49396204042074
136.70109077806498
136.90724107837062
137.10892292930086
137.31359789091903
137.50985152826502
137.70823723100563
137.90605916956127
138.09948786053968
138.28752326519265
138.4765612658412
138.66340091706476
138.84903607691817
122.67953157411807
123.06599219568255
123.44413088818114
123.81459938893191
124.17779836559497
124.53409464470963
124.88389370992083
125.22750469868919
125.56524598733535
125.89738545718376
126.22419532661547
126.5459378278125
126.8627924702339
127.17498028259648
127.4827589690616
127.78621397293338
128.08554980621224
128.38090700679538
128.6724357116883
128.9602506127469
129.24448134444668
133.139475445202
133.37404510623404
133.6156981421375
133.84762235078614
134.0808692850202
134.3107866127324
134.53350448662576
134.7584186233785
134.98074916949048
135.20065502680197
135.41836650315796
135.6335571906136
135.84617902441155
136.05676898128362
136.26638066235734
136.4765484796955
136.67958376293703
136.8801798616488
137.08170669543503
137.2808353396985
137.47905832054255
137.67450268121462
137.86626923372472
138.0578702014752
138.24234077660557
138.4289309152302
138.61218158035507
121.88780850790204
122.27924512619985
122.66280095181364
123.03838367435603
123.40645301966337
123.76743310746637
124.12169513300555
124.4696095155625
124.81146985046102
125.14760775065416
125.47824925016867
125.80366614656921
126.12408228010717
126.4397093656821
126.75074787048271
127.0573858589014
127.35981015689707
127.65816687323455
127.95259864291141
128.24334623023518
128.53038831945622
132.70293871923775
132.9416286910691
133.1778613148337
133.4089796977288
133.64352532850512
133.86985939322756
134.10115717397017
134.32692732238564
134.54522393659443
134.76614113900092
134.98428361579855
135.2004198417809
135.41389282832347
135.62521820860843
135.8344326643501
136.04245573140003
136.2516234552938
136.45414081105025
136.65581156079742
136.85324279831758
137.05291524757826
137.24877530536537
137.44002665009867
137.63357260649897
137.82388587054345
138.00786979749617
138.19372843647653
138.37678309879877
121.09441115297079
121.49208454380846
121.88105108777062
122.26128572371911
122.63431707470248
123.00003241783715
123.35883396563183
123.711098890639
124.05714888672158
124.39730440351211
125.06096782132519
125.38500268306882
125.70412538071407
126.01855040664528
126.32845272869386
126.63402288944503
126.93544119954068
127.23281813374899
127.52634293290545
127.81616311106711
128.10239005560504
132.50631823851097
132.74269641345992
132.9765917367538
133.20417622985974
133.4396455352616
133.6638346292798
133.88690359614884
134.11500091563602
134.3362713562378
134.55047501188625
134.76724568386123
134.9814992206452
135.19407171213126
135.40395928902055
135.61133478939587
135.8170685406132
136.02115860075276
136.22745076100023
136.42690168415086
136.62262469024972
136.8195080235178
137.01451175925888
137.2079146350768
137.4006514228716
137.58897770194315
137.7721002953656
137.95783795810033
138.14057529661036
138.32108516447443
120.29925081712278
120.7028115626208
121.09732387702094
121.48335585753523
121.86138843792892
122.23138828181169
122.59467659927125
122.95150030758829
123.30112328659794
125.90757580525992
126.21212818998947
126.51254216795094
126.80897105368814
127.10165027975268
127.39058666555081
127.67601034701646
132.07191451267772
132.308216944956
132.5421835995914
132.77392496489304
133.0035374153392
133.22766902284422
133.4573000877351
133.67787244590022
133.9015988300212
134.1213258536062
134.33380712117048
134.54903567996607
134.7623295802963
134.97302730171526
135.18145562461478
135.38782125282
135.59176372276454
135.79526991183087
136.0000955677698
136.19568344568862
136.39596756073263
136.5883397250926
136.78311137364523
136.9731125047957
137.16353818630836
137.3532788108659
137.54076411434204
137.7210108161304
137.90366713350966
138.08368419354673
138.2615558350861
119.5019175278564
119.91140875307056
120.31156962717286
120.70296070513618
121.08602848269507
121.46080591794777
121.82885013504773
122.18951282436176
122.54407077054753
122.89315752076791
123.23563508893724
123.57242269035581
123.90384452635618
124.23008590155384
124.55139814342229
124.86799183248407
125.18121473491516
125.48419885708522
125.78793654359464
126.08752649274655
126.38328486694982
126.67520104786242
126.96351177813524
131.87446439389853
132.10835424942684
132.34026109677382
132.5698786865448
132.79725364240372
133.0229069471172
133.2479310290368
133.46702447890252
133.68360008953204
133.90557509854253
134.12083839901442
134.33006027564596
134.54143725737973
134.75065219319214
134.95772956658723
135.16274317100587
135.36583535370684
135.56696010946547
135.76687191188674
135.96835456738506
136.16252219344102
136.3594869393823
136.54864040034934
136.74076728119832
136.92973041924193
137.1135842327189
137.3031578789929
137.4825312042661
137.66457957564768
137.84469903575487
138.02242294163392
119.11732764957576
119.52321226578232
119.9194910635216
120.30772854652412
120.68805965815181
121.06083758318732
121.42650840861019
121.78627761945356
122.13887434303275
122.48497279563551
122.82570383551601
123.16090016816176
123.49081870021095
123.81625540539285
124.13671281279154
124.44738097011064
124.75858338009272
125.06537223269939
125.36799375642464
125.66662906761866
125.96141354415576
126.25237118668346
126.53988010685293
131.6797454410969
131.90661853019654
132.13638789362798
132.36388818116683
132.58925717072606
132.81261683685582
133.03053055560125
133.25525579141924
133.4693762336874
133.68783814844062
133.9016896784956
134.1090028150625
134.3190883086621
134.52693774542067
134.73273814989244
134.93653812191155
135.13817900694457
135.337944001551
135.5375645346329
135.7374401942894
135.93131910439237
136.12403179094542
136.31364383025587
136.50607277015425
136.6913936391962
136.87906673972367
137.0639321190966
137.248006420231
137.4242266253997
137.60413252477457
137.7816198841778
137.95703605662152
118.31995880284401
118.73161518774691
119.13348426399828
119.52701416787707
119.91242427544273
120.29006241747841
120.66127318913196
121.0247799843936
121.38170886913485
121.73239741513547
122.07712150253356
122.41580024089947
122.7494511659067
123.07845123381071
123.40230794737667
123.71646542097552
124.03087624806095
124.34352127115082
124.64896928160029
124.95028379213916
125.24786342711943
125.54160431080666
125.83166376718938
131.4777488472988
131.70266158978484
131.9303058006909
132.15584790611078
132.37937263505296
132.60080177884146
132.82012941823103
133.03413516195735
133.25450378729246
133.46504291452786
133.68051524363506
133.89123949696608
134.09496495431816
134.30145075086097
134.50597865320975
134.70852466066273
134.90905141428365
135.10769893656985
135.3060575798003
135.50030723748804
135.69765967143897
135.8892429373662
136.08031774710548
136.26665485563404
136.4554175632174
136.6416539694079
136.82208987719906
137.00647351064458
137.18773019069351
137.36219846634347
137.53908446848558
137.71430953099875
137.89249559759395
117.51872430843974
117.93639407720768
118.34386075026724
118.74284744516274
119.13337369106613
119.5167989701409
119.89203030056707
120.26014719596073
120.6215121506798
120.97647205488609
121.32531712751152
121.66835864558577
122.00534173052075
122.33802351301803
122.66054396705215
122.98632972377087
123.30365036879371
123.61651078524216
123.92508692722653
124.22944895169307
124.529940888871
124.82647916438053
125.1193749473065
131.50127497196692
131.72190382978275
131.9456331668123
132.16722448840542
132.38672016511129
132.60437247891636
132.81603199159616
133.03140043446572
133.2466212563795
133.45381150693692
133.66644507109953
133.8737244748067
134.07413349699442
134.2773342572024
134.47875112625863
134.6781565784845
134.8755857630068
135.07122795499546
135.2670276345088
135.46307219288894
135.65273738400558
135.84178758345183
136.02628376873795
136.21779266908473
136.39886490415887
136.58212625428604
136.76499112584713
136.94407091760783
137.12275211987105
137.2949022090383
137.46980106472344
137.64265875718382
116.27804287111101
116.71178731451064
117.13681192870868
117.55004342734038
117.95453132875593
118.35035241974686
118.73889128278294
119.11901189406393
119.49184226384013
119.85775260414583
120.21708755392852
120.5701529830676
120.9159946591723
121.25810522891786
121.59454386863844
121.92483163564262
122.24992946109856
122.5706308283774
122.8867930686609
123.19856228649995
123.50602378680341
123.80949309072666
124.10900487169174
124.40473083483027
124.69676663297062
131.29247280367636
131.51600570747604
131.73267058051297
131.95286816425246
132.1704675326787
132.38629769405716
132.60035047657024
132.80871751788877
133.02522991480225
133.23090239645427
133.44030848715653
133.64553129565581
133.8493291461381
134.04664103314335
134.2467500317264
134.4451426160304
134.64154285640487
134.83612935095496
135.02893167229766
135.22147455231314
135.4154523688225
135.60244399537592
135.78966695031602
135.97184885186547
136.1588836525906
136.34073192513335
136.51898156668312
136.69908485122258
136.8770958003319
137.0491582013051
137.2229724414921
137.39596197168325
137.57143569492465
115.46076896981884
115.90031389667912
116.33417396027761
116.75149141219218
117.16154460744926
117.5634726702192
117.95648582497779
118.3416289959572
118.7192813228756
119.08984202215477
119.45365762569965
119.81105012310977
120.16100591667895
120.50710706901067
120.8475223351232
121.18146165798709
121.51019286319514
121.83437245529728
122.1539156706068
122.46897787205462
122.77946903354537
123.08617066269322
123.3886646109161
123.6872907371953
123.98218478465378
131.30240436794224
131.52231951237164
131.73526336649024
131.9516393177445
132.16582162647967
132.3781499823912
132.58869253648783
132.7944641791091
133.00605644874088
133.20907831961318
133.41532911866352
133.61767204616447
133.81870570578835
134.01257532175288
134.2098147358578
134.4051052554429
134.5987757605335
134.79056843999797
134.98569804844632
135.1702795227181
135.36164761387863
135.54456011155594
135.7324207028068
135.91190832352342
136.09540565706558
136.27187425028265
136.44956547331782
136.6290102082934
136.80513658186874
136.9744070672115
137.14697721974673
137.31722231814317
137.4907352167081
114.64064219428386
115.08632722288003
115.52198471518348
115.94778448504479
116.36333415338198
116.77067448320496
117.16902124619425
117.55927853950332
117.94187730413776
118.31720439801266
118.68560942504672
119.04752393162158
119.40169286428605
119.75197434277112
120.09606751838686
120.43409095067182
120.7668845356934
121.0943619126846
121.41738477708869
121.73579162729573
122.04975878331209
122.35941104247247
122.66500136644186
122.96661014416084
123.26440415949571
123.55848649300327
131.0861839245549
131.30415498307204
131.51527357618093
131.72982442921608
131.94255329985174
132.15340769337698
132.36238849423378
132.56993427180512
132.7726135695543
132.98054400949317
133.1800482078492
133.38345390738465
133.58313165806965
133.78107880202992
133.97231045112827
134.16652107148263
134.35898987421936
134.54997935557435
134.73922049697327
134.9287211366194
135.11352952365294
135.30225413481065
135.48355551332259
135.66862033204262
135.8460025591473
136.02664447040866
136.20496250699364
136.3768409351114
136.55447490818133
136.7284543587608
136.8954840729808
137.06563749646412
137.2338484379071
113.80913779375882
114.26612108981311
114.70636679045978
115.1373916388276
115.55936482836684
115.9716124073883
116.37733680052499
116.77275138173984
117.1603064557658
117.54040549935479
117.9134246556507
118.2798774243602
118.63757018957823
118.99203710391929
119.34009716056586
119.68214588550431
120.01879565257023
120.35032786468263
120.6766370795327
120.99852835604827
121.31588629745761
121.62873867568908
121.93752465507265
122.24222025222373
122.54299523604503
122.83998594324449
131.08311486939695
131.2974911415799
131.50540147706056
131.71640195637505
131.92568233393902
132.13334742365078
132.3391132855822
132.54385037472937
132.74306491631842
132.94679347692784
133.14415977104926
133.3450189225811
133.5419439243503
133.73209001380042
133.92526285341603
134.1167984329193
134.3066267406528
134.4950718690119
134.6867526358293
134.86877471242215
135.05555439734445
135.23740660201292
135.41745641063346
135.59517382708722
135.77793195663105
135.95141823262335
136.12780183980857
136.30193541968185
136.4748379982753
136.64152910187138
136.81605405116582
136.9797160982331
137.15089833685855
112.97137128009518
113.4347666113913
113.88388269431317
114.32216689179516
114.75014591339038
115.16840396020993
115.57806259537311
115.97886979803341
116.3716346460142
116.7567550501671
117.13464079732762
117.50562275198395
117.86775485486126
118.22682101459411
118.57919931315442
118.92503287768918
119.26570823406824
119.60107787608867
119.93141764059918
120.25662228593171
120.57744518280322
120.89372708317606
121.20573061892806
121.51359538644131
121.8174461943859
122.11743324122195
131.07158749632362
131.28269101849767
131.4872563678624
131.69490491833767
131.9012356275321
132.1057653685198
132.30839926449107
132.5101328706188
132.70696970558694
132.907671310659
133.1057915794708
133.29978889876588
133.49467653043948
133.68196539320192
133.87271063237947
134.06096273377034
134.24826807476302
134.4343788209497
134.62330252551175
134.80247784890872
134.98782111356627
135.16695165688745
135.34540249516328
135.52129292910084
135.700825754717
135.87135745145963
136.0461054358111
136.2187816575633
136.38988375956325
136.55943174582825
136.72258785252617
136.88876746760724
137.05804898961452
112.12535909293918
112.59587051628844
113.05226571808349
113.49737468309903
113.93178713596029
114.3566785657698
114.77180050159686
115.17808454955026
115.5761438271927
115.96643439090154
116.34931054544832
116.72512826227673
117.09201419437758
117.45550210326412
117.81292293919313
118.1625341673063
118.50701367214873
118.84618791301983
119.18054973516983
119.50976290787902
119.83394640900097
120.15377664032856
120.46904110373241
120.78022561970928
121.0872745040759
121.39035381802577
130.84233609778553
131.05185555221271
131.25998089828843
131.46123493825053
131.66604154201053
131.86920154988624
132.07069237911386
132.27046330719074
132.4647248614134
132.66301925195344
132.86067789453693
133.0520910570919
133.2485254680796
133.43986313321867
133.6248241843435
133.81278000042937
133.9993682967428
134.18360655813152
134.3721279171495
134.55401746750212
134.73095516621558
134.9137173275828
135.08892927700043
135.26877694138173
135.44073291435717
135.61892916092665
135.78693528821935
135.95740116141997
136.13049295435277
136.3000775202197
136.4626263121435
136.62885180461475
136.79288193474315
136.96064092675698
111.26980279831027
111.74822902461
112.21185065917314
112.66405211460913
113.10522535486511
113.53617367186382
113.95750513363176
114.3697370187553
114.77335651984785
115.16879246260336
115.55678832175848
115.93757562668023
116.31145976894211
116.67780997199942
117.0395537256687
117.3941443300574
117.7424185931801
118.08563143477818
118.42363937427157
118.75683694713636
119.08501442226489
119.40824643058036
119.72710223642892
120.0415930232689
120.3519197946623
120.65821452406459
120.96058658844463
130.8178581798665
131.02439725038943
131.229334417306
131.42748593403206
131.62934968076655
131.82959489531694
132.02821227202605
132.2252336378485
132.41693459020155
132.61688179520218
132.80688277042765
132.9963187163507
133.1901404728539
133.37919515403297
133.56128603152004
133.74699260190997
133.93098264417003
134.11351955967697
134.29890093638343
134.47604539535232
134.65304593341077
134.83412623700647
135.00788900615092
135.18555790622955
135.3551119407798
135.52894062477077
135.6966174195715
135.8701809637381
136.03713320250708
136.20445518494145
136.36580100016607
136.53032228734676
136.69228935621643
136.8583956836363
110.40994018568429
110.8912952976299
111.36213767535897
111.82113673113018
112.2691369433356
112.70667449862721
113.13431720774119
113.55264329620212
113.96213657018302
114.36336894910195
114.7564620610348
115.1423320131256
115.52118606625842
115.89230655891129
116.25893017891782
116.61820264716148
116.97142568697078
117.31849023006227
117.66053594691724
117.99743223402642
118.32937568540665
118.65679655577651
118.97916460076573
119.29705548382023
119.61088467346558
119.92047849668927
120.22607147402994
130.7853553602295
130.98880901585562
131.19078374992122
131.3862797966823
131.5851879813456
131.78262329923848
131.97857454263305
132.17290445911922
132.36185369256376
132.55944152701903
132.74703868542468
132.93359963099482
133.1252488404934
133.31152649956113
133.4913322283738
133.6747409545942
133.85645657002433
134.03675676982067
134.2199739895612
134.39504575654686
134.5745657925696
134.74886370188685
134.9210633063021
135.09626635014985
135.2648845144971
135.4374950962076
135.6055921239688
135.76972167288673
135.93836672080553
136.1040680657428
136.26338310911777
136.42634042066135
136.58671357144817
109.54654658461017
110.02883942947564
110.5011365890075
110.97171111504913
111.42425969773687
111.86760233773327
112.30160704737878
112.72620117855766
113.14177782430802
113.54884485403258
113.94780106317202
114.33891070352787
114.72276362110277
115.09914605401701
115.4703391099099
115.8344658029029
116.19241681437876
116.54441864721626
116.89036457737343
117.23134917954505
117.5672453138746
117.89824377447387
118.22453806491599
118.54625573810117
118.86349789559243
119.17660211062469
119.48553744589431
130.74472660403583
130.94557624591056
131.14474864654915
131.33754794709395
131.53360806988738
131.7283822386486
131.92174857633677
132.11350372129564
132.30466978068688
132.49053872079367
132.6804046369578
132.86427089030389
133.05330050971853
133.23755758357234
133.42006133715498
133.59619213203322
133.7758138982876
133.9538060803706
134.1355817367421
134.30779333653157
134.48581593553178
134.65777596531922
134.82743950678054
134.9969925184249
135.16799013812695
135.3382478754889
135.50439180846627
135.6713505299009
135.83459224223705
135.99887164906414
136.15602574406807
136.31737574894453
136.47679954034527
110.1042544846693
110.57083199304006
111.02167597208073
111.4623274811319
111.89074814572344
112.31169025017476
112.72463264585409
113.12941900373234
113.52636843176712
113.9157679777956
114.29770218793246
114.67294900780428
115.04224656177678
115.40506366392171
115.7618090569299
116.11267749026912
116.45769453838204
116.79770570957962
117.13271261138415
117.46288468773808
117.7883877093822
118.10939364940958
118.42587833585435
118.73843081025132
130.89464990116696
131.09107266828104
131.28129734857228
131.4747222205569
131.66686324368786
131.857777178878
132.04710375813843
132.2311410585636
132.42374139120525
132.60623893079475
132.78904765167687
132.97499514714224
133.157366689495
133.33748944760902
133.511450835416
133.68897765321586
133.86507641399635
134.0447170280555
134.2147896338572
134.38619822593859
134.5610053479464
134.73063187283384
134.90065993093307
135.06577424210414
135.23439379047494
135.39933334900772
135.56036583017334
135.7254150685126
135.8878941262774
136.04843782726297
136.20344131464034
136.36105249036842
110.6090454218408
111.04646426408014
111.47437614392666
111.89301039728885
112.30188359681871
112.70377704780778
113.0987015643766
113.48642750309905
113.86693133986938
114.24141360879955
114.60868273228233
114.97035505066656
115.32603627982267
115.67595535607835
116.02009465666004
116.35924054708778
116.69346167480447
117.0229132020452
117.34773576254707
117.66812292683156
117.98402693432598
130.64067972383555
130.83623614604838
131.02512920288552
131.2176688123696
131.40866147047794
131.5984172177118
131.78675281705796
131.9738860525597
132.15592505493512
132.34583637493827
132.5262111281013
132.70665496387485
132.89046341617222
133.07070450842735
133.24880647164375
133.42068623523744
133.59615502021677
133.77018954061612
133.947909002791
134.11635324446704
134.2903297325259
134.45904370657843
134.62639233629702
134.7906955436889
134.95740630945818
135.1254516832045
135.28895177327303
135.44782248947695
135.61110226889943
135.77170704187347
135.92620653819364
136.0842652286828
136.24059405566624
110.62256102977987
111.0480745033445
111.46480926896736
111.87322545516112
112.2717565279956
112.66538431493225
113.05083332061862
113.43009603825907
113.80349254149992
114.16929740484485
114.52995163542339
114.88469967149653
115.23378133595212
115.57756952211402
115.91563291361734
116.24917326944727
116.57798033630212
116.90224441108728
117.22209490762623
117.5375110654756
130.18817408217436
130.38297500005885
130.57744494666832
130.77019645541318
130.96160081646647
131.14661804794434
131.33547470035717
131.52274791350584
131.70888209613278
131.89365986873352
132.0779567998427
132.2570809755386
132.4404928243569
132.61818179745455
132.79947206398572
132.97755428960036
133.1537435970647
133.32362924278868
133.49723375972786
133.66933498048985
133.84516064788107
134.0116313376375
134.17951269229002
134.35069492499366
134.51476660650835
134.6825793941693
134.8442592269251
135.00848868258413
135.16794104469375
135.32861007939243
135.49120680916525
135.65032156127137
135.8085046985993
135.9601768121127
136.11516330528875
136.2688113084125
111.02815334071973
111.4344286929643
111.83301974186098
112.22430437208338
112.60886047044251
112.98721636719513
113.35914141623633
113.72375277845022
114.08348451829089
114.43743227718026
114.78584259712991
115.12887378287259
115.46649649481834
115.79947012179551
116.12776549094187
116.45154453894224
116.77096650045205
129.73392397503133
129.9286632865502
130.12225077317535
130.31471949009054
130.50656327389495
130.696963023715
130.88591185192575
131.0688705557265
131.25532936404082
131.44027826658476
131.62410370514843
131.80682611230205
131.98904961551165
132.16600995331228
132.34746093304807
132.52287311104774
132.7026620537588
132.87784310939458
133.0524811977642
133.22054012998595
133.39219659427567
133.56261254039035
133.73662922483857
133.90095045028397
134.07194472543182
134.2369820620777
134.4011486236394
134.56543226856982
134.725776198492
134.89057445763177
135.04717272434542
135.2053508438202
135.36632445258618
135.52379662284915
135.68048577787232
135.83087076462314
135.98455697465118
136.13687480465606
111.38687092090811
111.77684826493456
112.1599812637138
112.5365086925134
112.90718350219505
113.27242664632331
113.63056285278856
113.98391644391481
114.33173325598001
114.67428790720196
115.01147870752244
115.34401706759766
115.67190112794707
115.9953281547849
129.2757552687378
129.47069994900212
129.66533667833778
129.8577858285088
130.04880348734022
130.23871744043393
130.42812191520866
130.61642880046332
130.80321702122023
130.9836228971864
131.16799604315997
131.3510386152859
131.53255158486394
131.71314582867632
131.89304948859683
132.06781191806363
132.2482918371157
132.4216867999193
132.59931510252736
132.77207675134002
132.94483203867696
133.1163537854469
133.28119427018828
133.44993457648636
133.61722555016883
133.78549342062954
133.94966750107102
134.1176187794013
134.28023775537784
134.44267944102302
134.60098715259963
134.76128999954602
134.9206857066243
135.0794107304709
135.23654969975865
135.39215267519492
135.5475345883702
135.6964117741402
135.84910421705683
110.93249117008669
111.32172452497721
111.70395387437668
112.07997363392556
112.44972785968076
112.8126706614575
113.17085187646722
113.52374110940909
113.87113523404764
114.21328821531762
114.5504155674614
114.8824777263479
115.2100760334713
128.81616126692182
129.0113536370831
129.2052519478145
129.39696120657428
129.5891448283426
129.779222259734
129.96807627596627
130.15557481456088
130.34274876079454
130.5285529840836
130.71315835729317
130.89169801773272
131.0738850983654
131.25477636190288
131.43453680188188
131.61284615638908
131.79081458963745
131.96343132256533
132.14297785064963
132.31454601054867
132.48527903075214
132.6601842491045
132.83112276264967
133.00065957059965
133.16428948389316
133.3312633467601
133.49693434486954
133.66656512501592
133.8260176676278
133.9929722276805
134.1535313440959
134.31446618115606
134.4705552610441
134.63055640959416
134.78923701684977
134.94632049938613
135.1007722040899
135.25534840080684
135.4090499899312
135.55725357609344
135.70862175152058
135.858295970367
110.47124794307625
110.85921447129158
111.24061492583591
111.61564954974627
111.9846082673389
112.34746935540622
112.70454252767283
113.05645961440919
113.40366116898737
113.74555439131002
114.08251400633515
114.41422114536813
128.35252713175225
128.5478529164885
128.7418923342681
128.93466734917322
129.12619411760213
129.31551693361027
129.50457010726078
129.6932636497624
129.8798866782695
130.0653203685623
130.25009471699533
130.433770465475
130.61646683512618
130.7926797916857
130.97302729282754
131.1516913435576
131.32960064275042
131.50606850289282
131.68149358363743
131.85228227452777
132.03116721913023
132.20098467387913
132.36905269280564
132.54255212967485
132.71123551574172
132.87928674286874
133.04606541051456
133.20679401194568
133.3759376464618
133.53594838117002
133.69701710029446
133.8623283096272
134.02156560285061
134.17956023028316
134.34003346496476
134.49391437479858
134.65146196893068
134.80704869496594
134.95699196250814
135.1131149876733
135.2657064778874
135.41286281736203
135.56320279289852
135.71159898975046
109.60529418298405
109.99945277881844
110.3867906169417
110.7675988620005
111.14213645420581
111.51065541198086
111.87340534782611
112.23062287915221
112.58191518676986
112.92886015062321
113.27075622348184
113.60763319650464
127.88562864121675
128.0810774554653
128.27526194292528
128.4681790124462
128.65986612613472
128.85030761752697
129.03955023753858
129.22759716295295
129.41355499346133
129.59999408076598
129.7844736252093
129.96780201495145
130.15041087125277
130.33217228023565
130.51262197970848
130.68693959932858
130.86521212523718
131.04214421026305
131.2180787887599
131.39290684569445
131.5663266110078
131.73965074581608
131.90767120396012
132.08080454611752
132.2481674400405
132.41949741076323
132.58571672057636
132.75172393776808
132.91714318659308
133.08103688399063
133.244129691864
133.4055771635449
133.56207866011675
133.7261683452125
133.88406384402452
134.04065609425703
134.1990619333829
134.35165617964344
134.5108890784856
134.6600069152709
134.8125064813097
134.96583698579562
135.11760462342093
135.26777155003595
135.4121004364439
135.5598524683419
108.72453681213443
109.12521336393796
109.51882912798507
109.90574105807076
110.28618728412876
110.66040891140705
111.02868549292882
111.39121735865572
111.74822137624463
112.09955568483468
112.44651797097094
112.78841218839705
127.415956012423
127.61114328908317
127.80522969588078
127.9983095673024
128.1901522480979
128.38077612543677
128.570182627291
128.75842711144122
128.94545725015277
129.13134673475
129.31608638565842
129.49953651939464
129.68195881824983
129.8632545224478
130.0437547258653
130.22340458097094
130.40203343429957
130.5747005986162
130.75090779371425
130.9260238256856
131.10002463753827
131.27305296259058
131.4449610533273
131.61650220962557
131.78233763682186
131.95507932534505
132.12072621207392
132.2849867529719
132.45445941064273
132.6188955733992
132.7822046076381
132.9448443761224
133.10651670029682
133.26661197465765
133.4226866718866
133.57960267739165
133.74091557944655
133.89655329423607
134.05194982156888
134.2038002712745
134.35841624247243
134.51056483966704
134.66272385369206
134.81347470923515
134.96316191669183
135.11317214390206
135.25640795106804
135.403294224646
135.54834133544404
108.23525937952064
108.6355651595239
109.02893739429248
109.41562241825015
109.79590280745569
110.17000715146231
110.53820339752038
110.90071979023826
111.25774024810185
111.60948385530989
111.95658222339578
112.29828752682698
126.74537567767622
126.94235143386034
127.13814507749834
127.3325446764904
127.52547453851601
127.71721263720111
127.90774081951753
128.09734978735347
128.28577684950352
128.47301350921998
128.65910543672842
128.84403731597507
129.02783793787418
129.21052852787238
129.3912239662084
129.57242778256906
129.7517742840901
129.9301137953895
130.10797430394754
130.2847177831262
130.46034868042472
130.63003164468066
130.80331246852288
130.97562017055475
131.14691017884243
131.31706963240876
131.48598573563675
131.65075277204332
131.81891037280218
131.9877348468272
132.15083546001543
132.31695063096123
132.48007281880322
132.6417830923421
132.8027170035966
132.96275291764044
133.12194485266346
133.2795582222245
133.43698075931468
133.59266536498222
133.7469578640096
133.89981465401723
134.05037091374626
134.20403862243725
134.35798818627075
134.5041436905551
134.6579492273358
134.80432737738928
134.9528249864112
135.09988402701904
135.24127020709983
135.38579420490586
107.32842495055245
107.7357859860887
108.13597751469267
108.52929797491856
108.91597245789356
109.29628471557996
109.67048910741376
110.03883783462034
110.40153419604317
110.75872684473667
111.11068637235321
111.45752704213862
111.80008921053164
112.13752087060335
112.47037416939226
126.26838378180456
126.46508189899176
126.66097166390317
126.85521965279469
127.04868949963844
127.24119467085673
127.43198919828298
127.62132717712029
127.80966272990133
127.99697406426178
128.18328706841015
128.36845538041257
128.5524734944082
128.7353865805678
128.9171908270114
129.09791280680375
129.27758575719903
129.45523798773604
129.6334490093648
129.80986070845555
129.9858110948476
130.16077927096342
130.84479780407472
131.01431642032117
131.18291536968118
131.35060958321134
131.51756348033922
131.67992997893427
131.8486214639574
132.0097473865002
132.16997015366812
132.33522167329403
132.49575797577677
132.65529722016197
132.81364614371276
132.97123466051931
133.1280109910251
133.2800799383707
133.43843885245235
133.59161406575362
133.743730704477
133.89582089252306
134.0438703233487
134.19524262252298
134.34490206334956
134.49376887422181
134.6421167527849
134.78773221222806
134.93391612318217
135.07435964393673
135.21811460983176
125.78178135499633
125.97922411992377
126.1753767288206
126.37023659618833
126.56883891055186
126.76068164591537
126.951690280528
127.14154045285561
127.33057958872719
127.5179485432228
127.70401059119851
127.8891544523262
128.07343793770437
128.25660521490838
128.43865758264047
128.61962409351483
128.79951111499128
128.9783355551217
129.15614659020048
129.3329025732053
129.50839086596974
130.8756997849232
131.0426636193876
131.20870829834945
131.37392022869625
131.53495215901165
131.6985086883603
131.86295164485807
132.022054254853
132.18506787404596
132.34375051714719
132.50227306398568
132.65922093287244
132.81517210564044
132.97045442956235
133.12117999538538
133.27921258030156
133.431038687588
133.58172208583497
133.7311832808735
133.88377815604323
134.02955055867187
134.18009279478017
134.32268568059567
134.46902697920876
125.2957294718811
125.49353949253317
125.69009299592129
125.88523131330432
126.07915657723093
126.27184944158006
126.46325746720771
126.6584140414593
126.84705135790891
127.03477791347593
127.22131060768824
127.40722403978262
127.59133829631216
127.77433654492037
127.95633501769704
128.13758315902973
128.31775287103454
128.49685713238898
128.6749072409705
128.85192327918017
130.56427425409618
130.73081054804672
130.89634895417095
131.0606937000687
131.22437459361512
131.38778145864407
131.54586331246972
131.7104730169126
131.86829527054536
132.02476728165112
132.1861511041456
132.34301343812092
132.49913039710964
132.653875457149
132.8077265646132
132.9608112462181
133.1091926029085
124.80514156526226
125.00338602796378
125.2002733681399
125.39587725231691
125.59021702239515
125.78317931154102
125.9750080213251
126.16559442645229
126.35492197017159
126.54304882199193
126.73490955728799
126.92025981385827
127.10493688803624
127.28827654288881
127.47111704539849
127.65233155002558
127.83246369823807
128.01150737335348
128.18986543474438
130.08666528392405
130.25339489673874
130.4147444367148
130.57977667435043
130.7438421544715
130.90689870321185
131.0690640852502
131.23025592129576
131.38728478280018
131.54754472791518
124.1098965676641
124.30990772712656
124.50857856784123
124.7058861446513
124.90191594261935
125.09665452069564
125.29014306208566
125.4823653866176
125.67324503354057
125.86298665102206
126.05154554894773
126.23885798289913
126.42493065577207
126.61005605930862
126.7988519658842
126.98169971726502
127.16293881708158
127.3433318310019
129.43206457945914
129.6000054965596
129.76761178445665
129.93397253934373
130.09964634770014
130.26407993355085
130.42268394525635
130.58537237398872
123.60940955775897
123.80986635748356
124.00895970854977
124.2067645721795
124.40320373492193
124.59839769526853
124.79228735135769
124.98495020461772
125.17637912852165
125.36660920227835
125.55547969818825
125.74328346379393
125.9298776862805
126.11540275589115
126.29954670931201
126.48275430930975
126.66977142465
128.94276212934568
129.11078175928753
129.2780190723275
129.4442221694534
129.6101261189643
129.7751766908264
129.93930324391607
130.10244651114436
130.25979112999497
130.4210578947593
130.58152833789467
123.10382563725423
123.30482609848711
123.50443151316952
123.70270569732378
123.8996846724103
124.09533256252944
124.28970130380777
124.48285177544979
124.67471739502017
124.86536495370515
125.05482850428997
125.24307318587698
125.43015876593785
125.61600501382762
125.80076979930307
125.98426825212941
128.4489736076964
128.61757060165306
128.785162471281
128.95186745755387
129.1176696248894
129.28261221353574
129.44650372732258
129.61003603484286
129.77311899375178
129.93441659759216
130.095896917885
130.25084296953094
130.4099904762208
130.56835331424776
102.21037196680466
102.64785205866588
103.07719304408083
103.49871219328477
103.91279478061243
104.31975135120956
104.71983635451474
105.11332884579188
105.50049713313965
105.88156998267922
106.25680616586746
106.62631937808732
106.99037792128688
107.34914458003527
107.70279854739888
108.0515125089081
108.39543712501171
108.73470289711035
109.06945394149322
109.39985339092632
109.7260219720628
110.04804040966252
110.36741921409643
110.68193197332806
110.99233418785657
111.29914888769814
111.60238203917227
111.90210840871266
122.3900464053117
122.59298254035559
122.7945429303695
122.99473789506234
123.19356067872302
123.39106533050095
123.5872584790856
123.78217061951487
123.97582087483009
124.16819884225956
124.35935503652512
124.54930892583756
124.73804697095306
124.92561662255042
125.11202368454019
125.29727893848329
127.95143557162369
128.1201502260955
128.2881778022836
128.45529236472782
128.62148947534746
128.78678922786426
128.95125812115464
129.11486872730134
129.277191899508
129.43918408090795
129.6006789671195
129.7614626192825
129.9205994268567
130.0749051789655
130.23284239173043
130.38993370330272
130.5460842552633
101.60167071908896
102.04159051791505
102.47331837691384
102.89716583502319
103.31347744121436
103.7225997585442
104.12484060356094
104.5204356737587
104.90962547949651
105.292691310257
105.66983707980107
106.04128961951818
106.40720293293576
106.76782222644599
107.12326105420254
107.47370924322685
107.8193628949122
108.16030998144947
108.49673707044904
108.8287443974946
109.15650949269711
109.4801046296296
109.79967981490658
110.11487791630016
110.429177937243
110.73711656711144
111.04171888400622
111.34284324239027
111.64056453876474
111.9349103974646
112.22730569037397
112.51135787540231
112.7963772296051
113.07839672294513
113.35750447177976
113.63389177820179
113.90632182926407
121.87309382186174
122.07667996950603
122.27888221037118
122.47966903348623
122.67911366736487
122.8772303471761
123.07401407228305
123.26949283583083
123.46369049302528
123.65663981871468
123.84836072484613
124.03884535926403
124.22812337628409
124.41620693971163
124.60311979062509
127.45037442249298
127.61931691934673
127.78727563808005
127.95490255750968
128.1211335155966
128.28685567720507
128.4516883012153
128.61566100171558
128.77888613197322
128.9407859154355
129.1018620976418
129.26232425673905
129.4226374273176
129.5820659852251
129.74021491905475
129.89803787149106
130.04997660069594
130.2059459897233
130.3609583524133
130.51515176523324
100.52450095844182
100.97610237336501
101.41898264409843
101.85350627807398
102.2800996823286
102.69903655229726
103.11070282904272
103.5154196025335
103.91339593762785
104.30494495733392
104.69030772732873
105.06966203524031
105.44328569919445
105.81132660075173
106.17398065544013
106.53146349107905
106.88391088578227
107.23148297838028
107.57433285807066
107.91262658056911
108.2464713136947
108.57599115764074
108.90134479021985
109.22265546178447
109.53998407877243
109.85330279421565
110.16609910629072
110.47129132059872
110.77380941434468
111.0730316239294
111.36888985376912
111.66144127688769
111.95093737518663
112.23739979401321
112.51804573461493
112.79848335395864
113.07600593604738
113.35096705719863
113.62263051692621
113.89089139904603
121.35042725833085
121.55471419466326
121.75758933451303
121.95908349555512
122.15918584029731
122.3579571837023
122.55538130512204
122.7515104826547
122.94633269875764
123.13988101729973
123.33219894720978
123.5232748922175
123.71313735571955
123.90181269952583
126.94535990613154
127.11492310272021
127.28353870847329
127.4507521629304
127.61740350123063
127.7830196272457
127.94829345529142
128.11234991999754
128.27587747741234
128.43855075973187
128.60027010588954
128.76089780973643
128.92096567178018
129.0801998826101
129.2385929253444
129.39703313076132
129.55441222877377
129.71039553234834
129.86649889966733
130.01625547432698
130.17033593705398
130.32346233793825
130.47577874629258
130.62714462772408
99.8774422943124
100.33287665599437
100.77918796766353
101.2170157294801
101.6467225054549
102.06871813005966
102.48331598014224
102.89083706036894
103.29158688747474
103.68581123045846
104.07374265480048
104.45562232541224
104.83169821517227
105.20214601693623
105.56713409240746
105.92691158940526
106.28158273739666
106.63131326277914
106.97630163048422
107.31664303759624
107.65252922524577
107.98406471481259
108.31134371065406
108.63454721020238
108.95372532296355
109.2690747623413
109.58060195513254
109.89246462491748
110.19604283167405
110.49559451405892
110.79295322490628
111.08714146293268
111.37808766945012
111.66587810447842
111.95111160357698
112.23301620433264
112.5092335493187
112.78534026747707
113.05901833537087
113.3293521117157
113.59701599614309
113.86143412278074
114.12389195412806
120.61532193538889
120.82182210800336
121.02687339805185
121.23050998424357
121.4327348992161
121.63358317544042
121.83304448127755
122.03117690860712
122.2279821846653
122.42351181049379
122.61773515170307
122.81069053010275
123.002438514751
123.19292784306933
126.43037809839552
126.60047988961318
126.76965763216295
126.94277686564627
127.10997055294557
127.27632413519497
127.44136449149113
127.60572064671986
127.76930536451043
127.93233677817123
128.09417313099132
128.25569359498348
128.41594828985404
128.57548740550837
128.73434115823727
128.89238899647316
129.04961817363866
129.2060110854892
129.36253781398418
129.51793788464528
129.67233917716254
129.82619374101168
129.974167682412
130.12624708105798
130.27760373799825
130.42809932596657
130.57765781066823
99.21100332483529
99.6708810629891
100.12123718951291
100.56291137266726
100.99626782947644
101.42174422293485
101.83970540278723
102.25047471179528
102.6543357567882
103.0515699207676
103.44243304152454
103.8271384211341
104.2059902819195
104.57907685253659
104.94669269726133
105.3089939322668
105.66615804255486
106.01832460888168
106.36562849747955
106.70831615462508
107.0464133448992
107.38015957773042
107.70959358575197
108.03490928508083
108.35614039276624
108.67348746258864
108.98699270683557
109.29679076637986
109.60279406086134
109.90615272657709
110.20731426229754
110.50279367660958
110.79539049048907
111.08485402530961
111.37122841991513
111.65524483684422
111.93552172586462
112.21416189635842
112.4852864240361
112.75808504258903
113.02723874626754
113.29373220842064
113.55760488266858
113.81893136494196
114.07780485918771
120.07971954418575
120.2870819129666
120.49297752138601
120.69742748795227
120.90044702083244
121.102083971611
121.30232479569239
121.50121725934189
121.69877999723559
121.89503408388622
122.08999246166039
122.28366224227034
122.47609094371225
125.91555417576382
126.08624985541748
126.2559797405379
126.42473212952919
126.59256434442108
126.75947142866345
126.92538999437528
127.09538064313172
127.25948087107218
127.4227897223377
127.58465461399841
127.74605215498892
127.90701470947704
128.06688678893315
128.2259716442973
128.38443942602288
128.5420796559359
128.69897872550342
128.85508471718825
129.0103731690745
129.16487024800537
129.31947481303104
129.47254853119375
129.62563630275406
129.77766191667376
129.9239567630189
130.0742948062049
130.22379448168974
130.37244691412877
130.52027087892154
98.52392647584834
98.98892718397522
99.44413960234924
99.8902451964073
100.32777188048756
100.7572495169723
101.17901344330484
101.5934285966609
102.00082788594861
102.40145026692038
102.7955961373408
103.18348632199866
103.56542927237373
103.94152054884829
104.31201829458503
104.67713002300519
105.03705108419537
105.39191114951277
105.7418610599302
106.0870417872473
106.42765898006736
106.76379394417995
107.09560313012423
107.42323049871294
107.74673696333261
108.06627386965137
108.38194376723642
108.69382426096206
109.00209571513173
109.30664814366581
109.60775813220023
109.90662739246314
110.20277856006172
110.49371966484627
110.7818204021105
111.06697562228145
111.3494521843539
111.62887859118783
111.90534539574479
112.17613817038412
112.44729478765132
112.71623338079465
112.98169004084886
113.2445826705368
113.50493522906454
113.76283854315461
114.01831872382219
114.27144662120342
119.53768148664543
119.7459806494813
119.95276978453965
120.15811086034947
120.36201342074204
120.56449171222332
120.76557568251071
120.96531069456651
121.16368037082165
121.36072949241719
121.55646787898452
125.39594639584062
125.56719684297386
125.73747106770031
125.90689213622016
126.07524816450608
126.24274104802771
126.40931563398813
126.5749336529458
126.73964964978784
126.90345174683334
127.07145207888418
127.23339352899771
127.3947117002698
127.55502385998666
127.71399922444692
127.87264013129654
128.03090999201683
128.18798717087336
128.3443246376817
128.50005963689205
128.65506385277482
128.80930151590943
128.96275361714785
129.11540475741447
129.26829905828043
129.4199303684285
129.57090930606762
129.71612621524798
129.86555887636825
130.0141982518757
130.1620527093268
130.30896425871674
130.45520104008997
97.81458669293723
98.28584340099889
98.74661631321452
99.19799001066423
99.64031025532987
100.07432395110585
100.50040688543649
100.918924288127
101.33025719870399
101.7346729819111
102.13252305153038
102.52396320476994
102.90932180460655
103.28875704450084
103.6624895373611
104.03073414144275
104.39367288538845
104.75147452609767
105.10429763872956
105.45232323632857
105.79564863808486
106.13445455670892
106.46886971444033
106.79900158627208
107.12497841031659
107.44694175753173
107.76499075059144
108.07918763957022
108.3896701336716
108.69655515887764
108.99988510187312
109.2996587827597
109.59619232763534
109.89058009614317
110.18308419504473
110.46906715835306
110.7530239441296
111.0344445780302
111.31290871982031
111.58834481144079
111.86146764877384
112.1283751171742
112.39562370349462
112.66027249561185
112.92292901632909
113.18241789593822
113.43948235641872
113.69415344340192
113.94647141358877
114.19649526935237
118.77637721256349
118.98899954093889
119.19828424560397
119.40604566902778
119.61235499835439
119.81719802330004
120.02060328575328
120.22261259938365
120.42322754763738
120.62248330165635
120.82038960669571
124.87142389823894
125.04329621686583
125.21418219529613
125.38416328846111
125.55315429253234
125.72126046225988
125.88841983272759
126.05468084742131
126.22003342405405
126.38440742350933
126.5479947931607
126.71065363928746
126.87247852745543
127.03837413681083
127.19851193803413
127.35767461783811
127.51590831452674
127.67315076149333
127.82962396526968
127.98576387458547
128.14127724052508
128.29577992179193
128.44968693234892
128.6028703292394
128.75531062388472
128.90698586612677
129.0578898458475
129.20805102967347
129.35892187236422
129.50818727356852
129.65666734338248
129.7995170195421
129.94641662744672
130.09274164442144
130.2380468355681
130.3826609905848
96.58457496764882
97.0807070816535
97.55982508846989
98.0273328413479
98.48468074532349
98.93264663996126
99.37185652202844
99.80280013046777
100.22602560261872
100.64178539443984
101.05048203187354
101.45238129873547
101.84778080589408
102.2369472793371
102.62008381875505
102.99735902507435
103.36904051291809
103.73533618590955
104.0963756706797
104.45239232517424
104.8034988153603
105.14981897218317
105.49154065741514
105.8287878160283
106.16168919898999
106.490381483255
106.8149780728636
107.13558728476042
107.45231228882471
107.76526231547092
108.07452907760694
108.38020016049198
108.68241794674042
108.981138165554
109.27659337419593
109.56879735527943
109.85894253912633
110.14742271609573
110.42950785058886
110.70982960508204
110.98756891125181
111.26206013141746
111.53392758969976
111.80365871110448
112.06690693269917
112.33079040929714
112.59206937576336
112.85086252492043
113.10723343968569
113.3616944954081
113.61333104460468
113.86268230991362
114.10981509575745
114.3547457672246
118.22317705222447
118.43343471034623
118.6437836935357
118.85261655317774
119.0599480694404
119.26579901345112
119.47021574594093
119.67320121380835
119.87478797814988
120.07498882699909
124.34234523870974
124.51479381815874
124.68625882290061
124.85652936917535
125.02618136487116
125.19490292254319
125.36271563380124
125.52954511213991
125.69551243560443
125.86061712891662
126.02479249948239
126.18807761426145
126.35051511374994
126.51197267528568
126.67273987868047
126.8326062483268
126.99152911168396
127.15477534665935
127.31205369587349
127.46846256666035
127.62409064156674
127.77863916606312
127.9325311403478
128.08637444927362
128.23907414411386
128.39121999163368
128.54265212677853
128.6933736078923
128.84334115273808
128.9925656245664
129.14104693299248
129.29021810828726
129.4377721087706
129.57976115981046
129.7260024085722
129.87141557816423
130.01600496238257
130.1598340401516
130.3028586587248
130.44518126499253
95.81208887520323
96.31482640113985
96.80829882309231
97.28438899211064
97.74891151529714
98.20332563732076
98.64856947144308
99.08514224670871
99.513615146142
99.93440083751815
100.34785211787033
100.75432051699872
101.15411097302166
101.54745775590361
101.93466945298596
102.31591391709291
102.69140971863385
103.06140985004194
103.42604151889992
103.78547516974862
104.13992951200336
104.48953416356628
104.83445045620753
105.17481625340793
105.51073135702343
105.84235289398383
106.16982999555185
106.49325075453851
106.81271068977307
107.12832653940352
107.44020322392478
107.74843314444419
108.05312659527569
108.35434415614256
108.65221608546126
108.94671018648144
109.23803736014563
109.52698080413674
109.81311382594764
110.09694847535384
110.37641709002548
110.65281539846248
110.92649666624176
111.19762567426002
111.466083271938
111.7327131819902
111.9925112055908
112.25317257124442
112.51136387731049
112.76711055793652
113.02049355941561
113.27155930116008
113.52077150689117
113.76734156381708
114.01172946480845
114.25425982870014
117.44368392679733
117.65781010212255
117.8707418308149
118.08224118482431
118.29220425849994
118.50065276073165
118.70760552058479
118.9130952434797
119.1171388796576
119.31975884589274
123.80779419118609
123.98098507047813
124.15313880956296
124.32444596130293
124.49450477681239
124.66367097786284
124.83211208096776
124.99960423316388
125.16620649978778
125.33188888406123
125.49673016552104
125.66061351058539
125.82366652337774
125.98590018010667
126.14723916347957
126.30769040224158
126.46733220115257
126.62604860750155
126.78408271085186
126.94122422759847
127.10255893215891
127.25800240526675
127.41275694907287
127.56655484980205
127.71938610174702
127.87176105247283
128.0232440146821
128.17445602188917
128.32490912518446
128.4746573229256
128.623738320023
128.77205422019532
128.91965863433848
129.066532610528
129.2140030287484
129.35997414337626
129.50040895719337
129.6451579092374
129.78902263681124
129.93214180847133
130.07449182015534
130.2160240464835
130.35694104815295
95.0190258810108
95.52443774261096
96.0230735528034
96.51481391881488
96.9886510914594
97.4508996186022
97.9030565219056
98.34609271072401
98.78052333026558
99.20693699119933
99.62573495765555
100.03728777278133
100.44198419478991
100.84003839874264
101.23169209523567
101.61731075816947
101.99696298260857
102.37099570480918
102.73957878068364
103.10286244127376
103.46098755307638
103.81419690472913
104.16258597809981
104.50628121930444
104.8455351966145
105.18037085563877
105.51095374045495
105.83739436761684
106.15980669460123
106.47833019405556
106.79304262135197
107.10404182507871
107.41141232077416
107.71528506572359
108.01571702368875
108.31279074386919
108.6066294265086
108.89719005014545
109.18498226400992
109.47058658752974
109.752838131896
110.03205444685796
110.30863202465859
110.58166066220468
110.85221926656233
111.12008521370794
111.38532323994055
111.6488372596644
111.90562628213085
112.1632817605549
112.418558928391
112.67144844024693
112.92204475430323
113.17039136972132
113.41652276463101
113.66048960963374
113.90232992394824
114.14297788412301
114.38134596778526
116.87091044935501
117.08633318064234
117.30066603459105
117.51341497610903
117.72459228189128
117.9342315171848
118.14236672951017
118.34900741492464
118.55418934351518
123.26785595455561
123.44182089184928
123.61477394036936
123.78674974636763
123.9577059151493
124.12794118593847
124.29656727968097
124.46465857520705
124.63195793889625
124.79833626575856
124.96374895807676
125.12838198631898
125.29208304690158
125.45489480740945
125.61686719309289
125.77801870747008
125.93830251624438
126.09776591500956
126.25636312119568
126.41416567703725
126.5711444029847
126.72736231376894
126.88263622926428
127.04221699598827
127.19601837574844
127.34898617629914
127.50107840820571
127.65244546060143
127.80259833516773
127.95272495442141
128.10215828421104
128.25099655004007
128.39911304099317
128.54659603819755
128.69336609276286
128.83939562102248
128.98473917276218
129.1293738922371
129.27501414977962
129.4141229380432
129.5571970624145
129.69946701616644
129.84130682359577
129.9822064496975
130.1223949079656
130.26187719746906
94.20256816500921
94.71208755146813
95.21472369454398
95.70978049008411
96.20055687106935
96.67299836479208
97.1335581174104
97.58404041508201
98.02532666495509
98.45814807502776
98.88297249531142
99.30026206908326
99.7103580875273
100.11358603517654
100.5102756358664
100.90063506248278
101.28493738105068
101.66343134364993
102.03630465401967
102.40371698286621
102.76589563788438
103.12299872411234
103.47518526081586
103.82260980462648
104.16542512713482
104.50373955270248
104.83767938661408
105.16744921653238
105.49310801829027
105.81473550941374
106.13252166973332
106.44650572386125
106.75680476203284
107.06349026959236
107.36671126272415
107.66650693775749
107.96299689567498
108.25620843195459
108.54624879219972
108.83318936414784
109.1181025578216
109.39998459378447
109.67877438778856
109.9546029941293
110.22765153541638
110.49767594527594
110.76510394387415
111.02987884813335
111.29209576558013
111.55247155291602
111.80576420237855
112.06152739291583
112.31405609375139
112.56429878249959
112.81226814078177
113.05804727481589
113.30166777415108
113.54316273723218
113.78259956330432
114.01999570689085
114.25539208550761
114.488825836898
116.07099910144665
116.2899819505541
116.5073127200609
116.72298625298043
116.93705679573762
117.14954648151213
117.3604696781924
117.56986410852717
117.77773203794403
122.72245278750971
122.89721771843512
123.07095969272976
123.24371983932645
123.41550060228248
123.58630052414654
123.75612358515727
123.9252213469767
124.09277397271731
124.25967564503298
124.42586413556545
124.59117858959365
124.75558061378037
124.91907866098121
125.08171263710562
125.24351663716766
125.40448914885283
125.56457772013428
125.72385141370493
125.88231989876795
126.03997871495368
126.19681869896746
126.35286030530456
126.5080591169279
126.66259449770182
126.8161249947683
126.96909426178755
127.1260624932701
127.27734145839777
127.42795838271438
127.5779024017811
127.7268908106887
127.87472017362572
128.02245338473742
128.16972090029327
128.3162898277856
128.4622356650314
128.60747179643857
128.75201952909856
128.895880425832
129.03905198602396
129.18310422755846
129.32569806889563
129.4625036414039
129.60342312781685
129.74382169778173
129.88324749577905
130.02213191331117
130.16026236698343
130.2976920820644
93.3613667047274
93.87573990244512
94.38311406323335
94.88317825611942
95.37535153137581
95.86563422074526
96.33744721177837
96.79705504140634
97.24639942184061
97.68656192210086
98.1181836177653
98.54188110600737
98.95805391833765
99.36708540881968
99.76923535391309
100.16489847914906
100.55433058513772
100.93771802013856
101.31526439031
101.68725994361051
102.05385215219307
102.41520362749067
102.77152013180815
103.12299789018446
103.46967655813476
103.81179127869768
104.14946095375598
104.4827706000837
104.81190439763387
105.13694105502478
105.45800935082464
105.77525622117727
106.08868149764594
106.39847428908539
106.70466208966837
107.0073964786674
107.30674442313362
107.60275494301567
107.89554116999044
108.18519719244516
108.47172916970665
108.7555757458195
109.0372960074835
109.31590249778377
109.58643539064337
109.86403692223729
110.13386651044306
110.40102427112558
110.66551302875308
110.92745357651121
111.1868874117632
111.4407447705846
111.69496039618838
111.94829476919537
112.1982732914219
112.44599372056388
112.69150989912828
112.934881020579
113.17613180699398
113.4153123710813
113.65246373222011
113.88764076833132
114.12085186875822
114.35214396290134
114.58156146085466
115.4810259581305
115.70151759851836
115.92031026418714
116.1374355656409
116.35291393765554
116.56680453236395
116.77910451420468
122.17145609520725
122.34705574994061
122.52164955139862
122.6952382753814
122.86783009456282
123.03944791066154
123.21011235297779
123.37980888319483
123.54852416934838
123.71653118404363
123.8829622442699
124.04885388038828
124.21399532622249
124.3782523941687
124.54163883645731
124.70413370318175
124.86576815946877
125.02659506492061
125.18654359951431
125.34568920357871
125.50400719342238
125.66148338919285
125.81820551970883
125.97411249609512
126.12925676537925
126.28362171706647
126.43714679092112
126.59000510622084
126.74200822300233
126.89314532289484
127.04861501553971
127.19831751173392
127.34740250035297
127.49575226600369
127.64313909341175
127.78993035211643
127.9358051765345
128.0813138732771
128.2263891050977
128.37084468402844
128.51464551298383
128.65773426422106
128.80016176990438
128.94192667733736
129.08302288535748
129.22547396181488
129.3610064791923
129.50066904547452
129.63964115092242
129.77789286347735
129.91535826236824
130.0522670053571
130.18842786771503
92.49656474328553
93.01568371892417
93.52698293109808
94.03262389005693
94.53040616807994
95.02010250663807
95.50885682052693
95.98216953666824
96.44149547254437
96.89030838707737
97.32978555774629
97.76079321844034
98.18376604253312
98.59925628632747
99.00758146166382
99.40908003007118
99.80412747946447
100.19283714833273
100.57559384145588
100.95262521618174
101.3240169547032
101.69004618327148
102.05085839575842
102.40666283124821
102.7576222892573
103.10386374132176
103.44548540667907
103.78272964923724
104.11560794107402
104.44431608107381
104.76901344626094
105.08966982966295
105.4065338382724
105.71959072947507
106.02903986062192
106.33493864206964
106.63735940550838
106.93638869283065
107.23211036001409
107.5246322303589
107.81398903601284
108.10029725837855
108.38357464232645
108.66480620971569
108.9433445795447
109.21374360360622
109.49123510696184
109.75592003076264
110.02786032871755
110.29219187048821
110.55394543097665
110.81320743671634
111.07003021167844
111.32065309068075
111.57282242448963
111.82397804062721
112.07150865595581
112.31689009289573
112.560098530362
112.8012017435939
113.04022454423942
113.27725259773244
113.51225887759722
113.74532814186921
113.97648149201454
114.20577255814428
114.43319304756679
114.65880975235248
114.88263643297782
115.10472473006261
115.32508015463367
115.54374991705164
115.76075275678951
115.97612235457431
121.61486094290005
121.79119218039827
121.96667143350342
122.14114294868632
122.31460884028284
122.48709083949299
122.65859458562903
122.82913731382682
122.99871413773351
123.1673501805278
123.33504830738401
123.50200389569693
123.66737132621347
123.83226934487958
123.99640894611815
124.15966937924676
124.3220890998022
124.48363825680413
124.64435495334355
124.80418382893025
124.96319881915721
125.12141680578618
125.2788374955592
125.43544903747167
125.59124645323395
125.7462431012249
125.9005173158973
126.05402848221314
126.20668731289223
126.35860022682058
126.50980275700418
126.66033026851164
126.81007026965933
126.95901977245215
127.1122664803503
127.25962966809603
127.40641639300857
127.55222102659897
127.69777058276804
127.84240876674038
127.98618218538441
128.1296397795688
128.27264750430982
128.41503992693944
128.5567665267604
128.6978235174101
128.83822887041123
128.9779893717806
129.11709210286494
129.2530898699576
129.3916073944655
129.52909136308216
129.66606277275739
129.8023824272937
129.93808087103443
130.0730448320668
91.60305684734688
92.12989752410303
92.64786100600774
93.15692220987403
93.6611441449718
94.1566377563767
94.64554462595274
95.13029922038818
95.60700309037081
96.06688683351422
96.51578847969027
96.95518623814108
97.3859578694765
97.80872846357914
98.22388073979039
98.63193137315409
99.03314351428553
99.42785556010247
99.81628944508493
100.19873508394257
100.5754232116657
100.94657398462707
101.31230683075756
101.67284629614697
102.02839496444123
102.37912829853408
102.72505262561083
103.06649649565449
103.40353137593168
103.7362123320064
104.06471380027813
104.38918590409389
104.70969691959041
105.02635158504357
105.3392756476163
105.64855521087406
105.95430491170902
106.25654798360104
106.55544642163115
106.85105903698161
107.14340547312464
107.43264528463254
107.7188349533427
108.0020002015121
108.28226609169249
108.56107962164025
108.83658383508687
109.10405806952257
109.37371750941851
109.64064387112892
109.90989482101004
110.17160749206637
110.43080164955376
110.68754153409913
110.94193507152266
111.193972733224
111.43946156983955
111.68784065674045
111.93414966971234
112.17729689797507
112.41835890094323
112.65732817138236
112.89428987414041
113.12925728109091
113.36227159852099
113.5933662264367
113.82259905997152
114.04997314802206
114.27553613219004
114.49931692651705
114.72134417723301
114.94165730824108
115.16027328159367
121.22992855159194
121.40637722946332
121.58166414804234
121.75572480199853
121.92908620365799
122.10148202022823
122.27290820581565
122.44338130133663
122.61288269868369
122.78145891993768
122.9490882028511
123.1157907176368
123.2817468321272
123.44610956796213
123.6100568375363
123.77325601800463
123.93558138374783
124.09703722646312
124.25768223282758
124.41747633138635
124.57643964052289
124.73456981434607
124.89188974534419
125.04843126769977
125.20417726381076
125.35906882071606
125.51329370541715
125.66668227521033
125.81936333085225
125.97126630722485
126.12230974286253
126.27280301631694
126.42243575741371
126.57138881228498
126.71954840049406
126.86699621710346
127.0187221298615
127.16484747832772
127.31018096754453
127.4549363666995
127.59881987476011
127.74198840146254
127.8844650069855
128.02685588688206
128.16787122214896
128.30891613329968
128.44929867905836
128.58903758334583
128.7281409343287
128.8666103989321
129.00442806057998
129.14382609420164
129.27608926395885
129.41257424245234
129.54826267913344
129.6833233792929
129.81785493003613
129.95164272494628
130.0847362232982
90.68990849957211
91.21631954346054
91.74033877227602
92.25783610170069
92.76539002212178
93.26802799033352
93.76266950016162
94.25126714959018
94.73281851461799
95.21210784933825
95.6733843154767
96.12297850091763
96.56273276850457
96.99370889824434
97.41665791901178
97.83198577486104
98.2400727312527
98.64136272248845
99.036101592618
99.42459677501849
99.80707812853166
100.18376185683208
100.55488772080528
100.92064211874593
101.28120683193285
101.63672141884756
101.98745370333737
102.33341864545677
102.6748231148051
103.0118529970749
103.34454641703945
103.67301587911862
103.99751800293257
104.318041849492
104.63468485848381
104.94764099654645
105.25694906754366
105.5626943964815
105.86499222723569
106.1638897506431
106.45949130027184
106.7519129616757
107.04118839388974
107.32736646486109
107.61059321919244
107.89084162593232
108.16881847301003
108.44477850954618
108.712475049708
108.98228753729374
109.24928666637113
109.51364016186174
109.77541645294006
110.03466317481283
110.29647775138332
110.55089780504268
110.80298010031352
111.05278030389115
111.29752421951092
111.5419885055007
111.78650570058483
112.02755870985973
112.2665631726341
112.50355254824004
112.73856579182026
112.97162066708376
113.20275597928087
113.43200293694154
113.65941066091229
113.88500880143458
114.1088118843448
114.33086011985496
114.55119874171749
120.66271367880675
120.84007792536524
121.0163257980526
121.19171300098041
121.36594195115643
121.53913476069567
121.7113906683692
121.88265297233932
122.05294670733085
122.2222938191938
122.39082274459463
122.55843573003244
122.72510069275404
122.89087591364064
123.05588050257876
123.21943332840833
123.38232776322619
123.54461392818772
123.70605668708548
123.86664212052347
124.02639159615872
124.18530959292347
124.34340669867612
124.50069984048771
124.657211780234
124.81291582133946
124.96783103748356
125.12196501104563
125.27534711085629
125.42792999143268
125.57978907887156
125.73089475607888
125.88128053449543
126.03090371691081
126.17992463568949
126.32803704110053
126.47555654912647
126.62232193802411
126.76834438952523
126.91367236493363
127.06335670810287
127.20742082498788
127.35064509689823
127.49317875940797
127.63512694299945
127.77639178240693
127.91706334870995
128.0568174748875
128.19645462120246
128.335552855213
128.4740277236794
128.61187296533527
128.74908146789667
128.88567787761144
129.0237614847966
129.15455911418465
129.29001462394183
129.4244061403325
129.55843885872613
129.69171591310018
129.8243988062921
129.9564418725521
90.27922441813587
90.80843233453939
91.32878977631083
91.84595319828388
92.35310234135235
92.85364828909488
93.34844263059652
93.83613459361342
94.31600451402146
94.79535217754828
95.26070885258675
95.71178739945293
96.15256513131747
96.58436241644687
97.00793015937816
97.42367853820627
97.83222734320408
98.23381383624762
98.62895475536516
99.01775191356086
99.40057137576073
99.77759369436214
100.14899272391662
100.51500675494982
100.87581967949623
101.23162487433464
101.58257803310397
101.92877714709446
102.27041940473943
102.60766727889838
102.94053650882334
103.26928337832555
103.59395322119667
103.91467524375761
104.23157164679614
104.54469004403147
104.85415764609664
105.16007765859803
105.46256163152344
105.76167046975348
106.05745420536377
106.35003826700056
106.63948003416779
106.92585102704999
107.20922256546683
107.48967705693681
107.76724410515209
108.04312245456299
108.31635752476751
108.58145895632879
108.84874418295394
109.11329046222122
109.37525653378397
109.63471927965394
109.89170181193892
110.14627917369805
110.40349776773881
110.65346485056196
110.90114792002362
111.14667042594527
111.39023633357124
111.62770252300503
111.86793910205445
112.10504732135182
112.34016280934681
112.57334790533164
112.80458851386946
113.03396021846837
113.26148708751721
113.48719208211104
113.71110443594772
113.93325662608012
114.15369463569144
114.37245095828578
114.58952373680658
120.08912529357164
120.26758684703313
120.44504545659444
120.62133431180546
120.79669033710348
120.97092558518858
121.14428422427595
121.31637502573604
121.48771451454833
121.6580530390094
121.82729637878992
121.99566794057158
122.16320177032037
122.32976196118148
122.49553321721358
122.66038736086539
122.82452222313847
122.98767795568024
123.14919739654538
123.31063190844566
123.4712059115511
123.63094759213422
123.78987246390437
123.94797723056053
124.10527287233187
124.26173659878475
125.33544094445314
125.48579219256314
125.63544797820128
125.78433070303709
125.93252257008007
126.08003031302093
126.22679513088504
126.3729100992704
126.51836203000663
126.66309364824546
126.80714091484384
126.95522519189392
127.09798323643739
127.23992409993339
127.38123366299583
127.521780585955
127.66178844543103
127.80123534525723
127.94012503666148
128.07787764563176
128.21572582638117
128.35296800018995
128.48959096147365
128.62561510459875
128.76102987003392
128.89583928970507
129.03006860510382
89.29839990679788
89.84457619289839
90.37894621608565
90.89587747635528
91.41182155974512
91.91969895844164
92.41888229778621
92.9138542695869
93.40038339275739
93.88132771927604
94.35682860729018
94.82804870442153
95.28170556938868
95.72429156661212
96.15742114135968
96.58208312108248
96.99887415847996
97.4082170630416
97.81064797499845
98.20646277485385
98.59595436335768
98.97936614067682
99.35691610868503
99.7289210815149
100.09544902088676
100.45679389558228
100.81305882998777
101.16447592476793
101.51114503796228
101.85326900981993
102.19093640252873
102.52424677620354
102.85340978101812
103.17846933536232
103.49957887204476
103.81685508246059
104.13035405843796
104.44019796259767
104.7464994248053
105.04932240321739
105.34875462323599
105.64488163352208
105.93779314132297
106.22753803103994
106.51425869016951
106.79796838704559
107.07873216716166
107.35662810742627
107.63167043924761
107.90536558223972
108.17615143961581
108.43887633892821
108.70382869141817
108.96612817799911
109.2258953453645
109.48315513943031
109.7380141902121
109.99050896430563
110.24070938784884
110.48866146746462
110.7394215630215
110.98300779419591
111.22447001523572
111.45978272252826
111.69787897194885
111.9340492929593
112.16742151419936
112.39887797275769
112.62845609785981
112.85616443558634
113.08204757865634
113.30616432848255
113.5285163553462
113.7491275751839
113.9680500949615
114.18528767380715
114.40090647944331
119.50900216981825
119.68862882895453
119.86722851686105
120.04466975999493
120.22110966628988
120.39646146079149
120.57095651525393
120.74427139130117
120.91660547411557
121.08782334627166
121.25839128251337
121.42776752604043
121.59622204159253
121.76358062758074
121.9301336803632
122.09580266258506
122.26061436178178
122.42451148308064
122.58776626276844
122.74959055959626
122.91078169122184
123.07139338712717
123.23115341139749
123.39010950978165
123.54822800022976
123.70555098748055
123.86207485063233
124.01778887766008
124.17270992486566
124.32688789930268
124.48026513425232
124.63291088469492
124.78480788877387
124.93591695540285
125.08632203979136
125.23600228255027
125.38495076098452
125.53313505812748
125.68060143382147
125.8274930017974
125.9735887667727
126.11905422670588
126.26370804008906
126.40789118395396
126.55118278951745
126.69397228440758
126.83596422172938
126.97736462106599
127.12306922283251
127.2630948315138
127.4023833093103
127.54124036982778
127.67949342220234
127.81706753383317
127.95396106929137
88.84072150217261
89.92442719864506
90.4423967648862
90.95597557768996
91.46500158183288
91.96429708118319
92.45798170147489
92.94555650851751
93.42672965550727
93.90025758538137
94.37404503595431
94.83256454048356
95.27765299850002
95.71277542790911
96.13907278020703
96.55726862207709
96.9680072444064
97.37157116806094
97.76846111506705
98.15894573465718
98.54333653789503
98.92182962210731
99.2946368310332
99.6619623793009
100.02410808627651
100.38117546561485
100.73327450814753
101.08066515942912
101.42341441153106
101.76173249293066
102.09570076717128
102.42545088774631
102.751089506668
103.07280082074561
103.39064520066701
103.70466857980138
104.01508986910191
104.32192901266512
104.6252443579777
104.92517871564813
105.22181974142674
105.51523026304727
105.8054707746941
106.09264483787315
106.37679487552637
106.65799275838482
106.9363229666725
107.21184257248667
107.4845460845024
107.75611739899438
108.01963477622714
108.28514150722782
108.54794481994763
108.80811478307533
109.06581080858336
109.32103928693743
109.57393702463486
109.82449521632424
110.0728069394707
110.31889489492443
110.56282556848974
110.8096206935179
111.04934107695584
111.28702516911873
111.51873357469495
111.75395797603478
111.98557339312445
112.21540138976086
112.44341388952623
112.66957696641344
112.89393756792973
113.11656656695007
113.33744029098621
113.55660082059242
113.77410756364868
113.98994961294838
114.20418970570394
114.41682134038182
119.10295660050612
119.28279032769846
119.46148692763155
119.63906027993761
119.81575770285983
119.99119331279847
120.16573965798648
120.33912374848998
120.51159289463614
120.68323136273752
120.85364970047577
121.0231542771466
121.19172810061445
121.35928094908323
121.52611708345803
121.69185912562597
121.85663692470179
122.02045284619044
122.18367346609783
122.34575274899385
122.50715786097105
122.66757945838947
122.82699425604903
122.98601143152844
123.14418715402701
123.30157164272198
123.45814682181688
123.61392107754156
123.76891075657058
123.9231382823954
124.07656588927365
124.22927667542713
124.38121230893228
124.53238722804879
124.68284324619631
124.83256412899753
124.9815816098747
125.12986003566346
125.27739089690087
125.42427819603483
125.57044207746956
125.71592335157555
125.86070498455132
126.00485661826119
126.14829821912838
126.2911068713916
126.43312337543577
126.5747370918851
126.7154338128153
126.85562042224731
89.4440961970781
89.9696669606119
90.47963968346862
90.98868115106183
91.48958317373892
91.98225517179692
92.4710283180866
92.95160826683808
93.426855760711
93.89682479809142
94.36334171249756
94.81217991145147
95.25002609701848
95.67854205263659
96.09873413604802
96.51121658685553
96.91635847067668
97.31472358122838
97.70658206424349
98.0922430060304
98.47194460909061
98.84586794863114
99.21442666791854
99.57756634727458
99.93563401503269
100.28871786478287
100.63705422780606
100.98071679835246
101.31991553167248
101.65475095367505
101.98530167434842
102.31177314967616
102.63424887256868
102.95281674576319
103.26761218792777
103.57871490802283
103.88625091295737
104.19027521603108
104.49087936300994
104.78815503549818
105.08217921707549
105.3730102796583
105.66080748968986
105.94555659937325
106.22730523829674
106.50622202950491
106.78227094040676
107.05559854056253
107.32614001267696
107.5956897887526
107.85708658655037
108.1205621358827
108.38135017832418
108.63962450261077
108.89537221925038
109.14874534142004
109.3997904211284
109.64855164919804
109.89508007576332
110.13945426906153
110.38167625130454
110.62181262108761
110.86488215945879
111.10095564757701
111.33219578265285
111.5632175188901
111.79496066637428
112.02320582539842
112.24969849378152
112.47443668264468
112.69737710784106
112.91860189107292
113.13809209246718
113.35591536419766
113.57209225801039
113.78663261027961
113.99957102820838
114.21094026819647
114.42076366938198
118.51057680964944
118.69164902479518
118.87170975453591
119.05057989502936
119.22841960106186
119.40508745250102
119.58082230537335
119.75543600915054
119.92918395114535
120.10180192178251
120.27346558896087
120.44410806676942
120.61380366756664
120.78244901904564
120.95022805665873
121.11718001441227
121.28300425220823
121.4480051354062
121.61212050958996
121.77519559322289
121.93761784664073
122.09902669449173
122.25953670458338
122.41924305096785
122.57820647240733
122.73611204099512
122.89333860282805
123.0499920490642
123.20586257783715
123.36094422283543
123.51524710705392
123.66877692806727
123.82155717659211
123.97358195677131
124.12484301747352
124.275383885515
124.42518205805314
124.57428018221968
124.72262900673553
124.87029160301066
125.01725633953185
125.16348149410675
125.3090440757768
125.45392457485592
125.59811673277851
84.29141995203337
84.92552625808581
86.13184919783866
86.71945522509081
89.98385860624575
90.49090900905206
90.99390606915554
91.48757191460888
91.97547767421416
92.45799816531232
92.9340741267014
93.40253452481784
93.87101792787858
94.32732148991194
94.76881132596836
95.20029961168012
95.62295872029001
96.03761131061871
96.44488166701404
96.8450558776667
97.23863798173036
97.62591541863635
98.00719513264573
98.3826140613477
98.75251158823671
99.11702757487606
99.4764033247188
99.83074168336927
100.18022460055528
100.52506561017942
100.8653331655366
101.20123588611884
101.53284745528477
101.86031527279421
102.18375759492865
102.50328786736199
102.81899099153897
103.13100511157376
103.43937998428129
103.74424035597883
104.04568634302628
104.34377603442022
104.6385838588393
104.93019770627681
105.21872131199224
105.50415866487427
105.78667109750235
106.06627943541011
106.34303035329431
106.61700779187211
106.88825042963722
107.15679193417661
107.42437124695014
107.68387916405065
107.94548688505319
108.20441910457305
108.46085554171017
108.71485012872718
108.96646560723816
109.21582740521188
109.46292637383358
109.70781279332688
109.95057607552428
110.19122501584786
110.42981108939037
110.66637071445462
110.90594492709126
111.13855688641056
111.36928581339568
111.59409907090466
111.8225625468996
112.04761554204372
112.27096315036712
112.49257853572442
112.71249112334169
112.93069815153763
113.14727490400857
113.36218395604608
113.57551382624021
113.78725023886804
113.99743017181069
114.20631528787169
114.41364113405717
117.91117064744921
118.09361619786303
118.27500094773809
118.4551737915027
118.63431752631783
118.81242817479239
118.98933021347325
119.16528709721489
119.34014609784434
119.5140388793383
119.68689354596377
119.85873784535328
120.02960542192018
120.1995350617894
120.36850829859765
120.53635684812983
120.70346009326974
120.86947765621997
121.03462782147281
121.19894704686651
121.3622364159869
121.52470196496705
121.68639495859772
121.84721006073404
122.0069825504675
122.16598767968367
122.32428107894033
122.4815605564291
122.63828390426283
122.79400390711336
122.94884241352622
123.10322599584437
123.2568634432182
123.40975988066351
123.56190212003142
123.71328864625944
123.86394249961826
124.0138617507995
124.16303957315917
124.31150141655064
124.45924380500207
82.41721513676207
83.74043817649877
84.99921758692422
86.75834097378427
87.32079016503819
88.94818750019591
89.46957295681779
89.97356794320784
90.47686547468491
90.97308076872707
91.46070918761679
91.94476204306649
92.42119062133085
92.89248145249732
93.35724044214143
93.8217547922368
94.26855280427627
94.70382333184371
95.1296027827566
95.5470071931332
95.95670435021022
96.35925167190071
96.75493419419864
97.14423968303632
97.52739807565034
97.90461561218072
98.27622173941252
98.64236613379572
99.0032810534369
99.35909901292523
99.70998737451407
100.05623956084698
100.39789150848978
100.73507082904216
101.06794130524494
101.3966152551815
101.72121267239837
102.04189390321451
102.35871468601228
102.67175677836049
102.98121777834594
103.28711802224416
103.58950822748082
103.88858790194925
104.18431565917241
104.4768730336734
104.76629112235243
105.052647409504
105.33599399112052
105.61643855773707
105.894009630218
106.16875543846632
106.44079750315441
106.71014528780258
106.97693208063204
107.24251996180224
108.52457113851844
108.77459934526469
109.02235587774439
109.26789322754009
109.51125789745257
109.75252940386261
109.99171041608024
110.22884405421892
110.4639925260179
110.69718334371085
110.92845377226983
111.16282435028037
111.39035162090953
111.61186798495825
111.8373679054228
112.05940080134295
112.2797520422237
112.49843240958504
112.7154581990475
112.93083663127669
113.14459727985059
113.35677416028877
113.56740383451556
113.7764632378114
113.98424475047037
114.19062140614189
114.39548225150398
117.48339476358521
117.66615002162678
117.8478828709568
118.02832458392997
118.20780328202903
118.38611547705881
118.5633927492905
118.73958310952997
118.91468794513558
119.08884716119962
119.26197335115384
119.43903413524292
119.61011109707881
119.78032590927428
119.94938414419865
120.11765676384468
120.2849183735704
120.45124739585084
120.616550389665
120.78104322229703
120.94468212193816
121.10739844160952
121.26922373093834
121.43026383682968
121.59024233441214
121.74946652508743
121.90792281018825
122.065628609828
122.22218469149347
122.37810454452799
122.53324387849419
122.6876515698164
122.84113468437931
122.9939318962984
123.14619379206981
