238.4545454545455
244.72727272727278
245.72727272727278
257.27272727272737
263.5454545454546
264.5454545454546
265.5454545454546
268.81818181818187
269.81818181818187
270.81818181818187
271.81818181818187
272.81818181818187
275.0909090909091
276.0909090909091
277.0909090909091
278.0909090909091
279.0909090909091
280.0909090909091
280.36363636363643
281.36363636363643
282.36363636363643
283.36363636363643
284.36363636363643
285.36363636363643
286.36363636363643
286.63636363636374
287.63636363636374
288.63636363636374
289.63636363636374
290.63636363636374
291.63636363636374
292.63636363636374
293.63636363636374
295.909090909091
296.909090909091
297.909090909091
298.909090909091
299.909090909091
305.18181818181824
306.18181818181824
307.18181818181824
301.45454545454555
302.45454545454555
303.45454545454555
304.45454545454555
305.45454545454555
306.45454545454555
307.45454545454555
308.45454545454555
309.45454545454555
310.45454545454555
311.45454545454555
312.45454545454555
305.7272727272728
306.7272727272728
307.7272727272728
308.7272727272728
309.7272727272728
310.7272727272728
311.7272727272728
312.7272727272728
313.7272727272728
314.7272727272728
315.7272727272728
311.0000000000001
312.0000000000001
313.0000000000001
314.0000000000001
315.0000000000001
316.0000000000001
317.0000000000001
318.0000000000001
319.0000000000001
316.27272727272737
317.27272727272737
318.27272727272737
319.27272727272737
320.27272727272737
321.27272727272737
322.27272727272737
323.27272727272737
320.5454545454547
321.5454545454547
322.5454545454547
323.5454545454547
324.5454545454547
325.5454545454547
326.5454545454547
325.8181818181819
326.8181818181819
327.8181818181819
328.8181818181819
329.8181818181819
330.0909090909092
331.0909090909092
332.0909090909092
333.0909090909092
334.3636363636365
335.3636363636365
336.3636363636365
337.3636363636365
338.3636363636365
339.3636363636365
340.3636363636365
339.63636363636374
340.63636363636374
341.63636363636374
342.63636363636374
343.63636363636374
344.63636363636374
345.63636363636374
346.63636363636374
347.63636363636374
348.63636363636374
349.63636363636374
350.63636363636374
351.63636363636374
352.63636363636374
343.909090909091
344.909090909091
345.909090909091
346.909090909091
347.909090909091
348.909090909091
349.909090909091
350.909090909091
351.909090909091
352.909090909091
353.909090909091
354.909090909091
355.909090909091
356.909090909091
357.909090909091
358.909090909091
359.909090909091
360.909090909091
361.909090909091
362.909090909091
363.909090909091
364.909090909091
349.1818181818183
350.1818181818183
351.1818181818183
352.1818181818183
353.1818181818183
354.1818181818183
355.1818181818183
356.1818181818183
357.1818181818183
358.1818181818183
359.1818181818183
360.1818181818183
361.1818181818183
362.1818181818183
363.1818181818183
364.1818181818183
365.1818181818183
366.1818181818183
367.1818181818183
368.1818181818183
369.1818181818183
370.1818181818183
371.1818181818183
372.1818181818183
373.1818181818183
374.1818181818183
375.1818181818183
376.1818181818183
377.1818181818183
354.4545454545456
355.4545454545456
356.4545454545456
357.4545454545456
358.4545454545456
359.4545454545456
360.4545454545456
361.4545454545456
362.4545454545456
363.4545454545456
364.4545454545456
365.4545454545456
366.4545454545456
367.4545454545456
368.4545454545456
369.4545454545456
370.4545454545456
371.4545454545456
372.4545454545456
373.4545454545456
374.4545454545456
375.4545454545456
376.4545454545456
377.4545454545456
378.4545454545456
379.4545454545456
380.4545454545456
381.4545454545456
382.4545454545456
383.4545454545456
384.4545454545456
385.4545454545456
386.4545454545456
360.72727272727286
361.72727272727286
362.72727272727286
363.72727272727286
364.72727272727286
365.72727272727286
366.72727272727286
367.72727272727286
368.72727272727286
369.72727272727286
370.72727272727286
371.72727272727286
372.72727272727286
373.72727272727286
376.72727272727286
377.72727272727286
378.72727272727286
379.72727272727286
380.72727272727286
381.72727272727286
382.72727272727286
383.72727272727286
384.72727272727286
385.72727272727286
386.72727272727286
387.72727272727286
388.72727272727286
389.72727272727286
390.72727272727286
391.72727272727286
392.72727272727286
366.0000000000001
367.0000000000001
368.0000000000001
369.0000000000001
370.0000000000001
371.0000000000001
372.0000000000001
373.0000000000001
374.0000000000001
375.0000000000001
376.0000000000001
377.0000000000001
378.0000000000001
379.0000000000001
380.0000000000001
386.0000000000001
387.0000000000001
388.0000000000001
389.0000000000001
390.0000000000001
391.0000000000001
392.0000000000001
393.0000000000001
394.0000000000001
395.0000000000001
396.0000000000001
397.0000000000001
398.0000000000001
399.0000000000001
400.0000000000001
371.27272727272737
372.27272727272737
373.27272727272737
374.27272727272737
375.27272727272737
376.27272727272737
377.27272727272737
378.27272727272737
379.27272727272737
380.27272727272737
381.27272727272737
382.27272727272737
383.27272727272737
384.27272727272737
385.27272727272737
395.27272727272737
396.27272727272737
397.27272727272737
398.27272727272737
399.27272727272737
400.27272727272737
401.27272727272737
402.27272727272737
403.27272727272737
404.27272727272737
405.27272727272737
406.27272727272737
375.54545454545473
376.54545454545473
377.54545454545473
378.54545454545473
379.54545454545473
380.54545454545473
381.54545454545473
382.54545454545473
383.54545454545473
384.54545454545473
385.54545454545473
386.54545454545473
387.54545454545473
388.54545454545473
389.54545454545473
390.54545454545473
391.54545454545473
405.54545454545473
406.54545454545473
407.54545454545473
408.54545454545473
409.54545454545473
410.54545454545473
411.54545454545473
412.54545454545473
380.818181818182
381.818181818182
382.818181818182
383.818181818182
384.818181818182
385.818181818182
386.818181818182
387.818181818182
388.818181818182
389.818181818182
390.818181818182
391.818181818182
392.818181818182
393.818181818182
394.818181818182
395.818181818182
396.818181818182
417.818181818182
380.09090909090924
381.09090909090924
382.09090909090924
383.09090909090924
384.09090909090924
385.09090909090924
386.09090909090924
387.09090909090924
388.09090909090924
389.09090909090924
390.09090909090924
391.09090909090924
392.09090909090924
393.09090909090924
394.09090909090924
395.09090909090924
396.09090909090924
397.09090909090924
398.09090909090924
399.09090909090924
400.09090909090924
401.09090909090924
402.09090909090924
403.09090909090924
381.3636363636365
382.3636363636365
383.3636363636365
384.3636363636365
385.3636363636365
386.3636363636365
387.3636363636365
388.3636363636365
389.3636363636365
390.3636363636365
391.3636363636365
392.3636363636365
393.3636363636365
394.3636363636365
395.3636363636365
396.3636363636365
397.3636363636365
398.3636363636365
399.3636363636365
400.3636363636365
401.3636363636365
402.3636363636365
403.3636363636365
404.3636363636365
405.3636363636365
406.3636363636365
407.3636363636365
408.3636363636365
409.3636363636365
385.63636363636385
386.63636363636385
387.63636363636385
388.63636363636385
389.63636363636385
390.63636363636385
391.63636363636385
392.63636363636385
393.63636363636385
394.63636363636385
395.63636363636385
396.63636363636385
397.63636363636385
398.63636363636385
399.63636363636385
400.63636363636385
401.63636363636385
402.63636363636385
403.63636363636385
404.63636363636385
405.63636363636385
406.63636363636385
407.63636363636385
408.63636363636385
409.63636363636385
410.63636363636385
411.63636363636385
412.63636363636385
413.63636363636385
414.63636363636385
388.9090909090911
389.9090909090911
390.9090909090911
391.9090909090911
392.9090909090911
393.9090909090911
394.9090909090911
395.9090909090911
396.9090909090911
397.9090909090911
398.9090909090911
399.9090909090911
400.9090909090911
401.9090909090911
402.9090909090911
403.9090909090911
404.9090909090911
405.9090909090911
406.9090909090911
407.9090909090911
408.9090909090911
409.9090909090911
410.9090909090911
411.9090909090911
412.9090909090911
413.9090909090911
414.9090909090911
415.9090909090911
416.9090909090911
417.9090909090911
418.9090909090911
419.9090909090911
393.18181818181836
394.18181818181836
395.18181818181836
396.18181818181836
397.18181818181836
398.18181818181836
399.18181818181836
400.18181818181836
401.18181818181836
402.18181818181836
403.18181818181836
404.18181818181836
405.18181818181836
406.18181818181836
407.18181818181836
408.18181818181836
409.18181818181836
410.18181818181836
411.18181818181836
412.18181818181836
413.18181818181836
414.18181818181836
415.18181818181836
416.18181818181836
417.18181818181836
418.18181818181836
419.18181818181836
420.18181818181836
421.18181818181836
422.18181818181836
423.18181818181836
424.18181818181836
425.18181818181836
426.18181818181836
427.18181818181836
397.4545454545456
398.4545454545456
399.4545454545456
400.4545454545456
401.4545454545456
402.4545454545456
403.4545454545456
404.4545454545456
405.4545454545456
406.4545454545456
407.4545454545456
408.4545454545456
409.4545454545456
410.4545454545456
411.4545454545456
412.4545454545456
413.4545454545456
414.4545454545456
415.4545454545456
416.4545454545456
417.4545454545456
418.4545454545456
419.4545454545456
420.4545454545456
421.4545454545456
422.4545454545456
423.4545454545456
424.4545454545456
425.4545454545456
426.4545454545456
427.4545454545456
428.4545454545456
429.4545454545456
430.4545454545456
431.4545454545456
432.4545454545456
400.7272727272729
401.7272727272729
402.7272727272729
403.7272727272729
404.7272727272729
405.7272727272729
406.7272727272729
407.7272727272729
408.7272727272729
409.7272727272729
410.7272727272729
411.7272727272729
412.7272727272729
413.7272727272729
414.7272727272729
415.7272727272729
416.7272727272729
417.7272727272729
418.7272727272729
419.7272727272729
420.7272727272729
421.7272727272729
422.7272727272729
423.7272727272729
424.7272727272729
425.7272727272729
426.7272727272729
427.7272727272729
428.7272727272729
429.7272727272729
430.7272727272729
431.7272727272729
432.7272727272729
433.7272727272729
434.7272727272729
435.7272727272729
436.7272727272729
437.7272727272729
438.7272727272729
405.0000000000002
406.0000000000002
407.0000000000002
408.0000000000002
409.0000000000002
410.0000000000002
411.0000000000002
412.0000000000002
413.0000000000002
414.0000000000002
415.0000000000002
416.0000000000002
417.0000000000002
418.0000000000002
419.0000000000002
420.0000000000002
421.0000000000002
422.0000000000002
423.0000000000002
424.0000000000002
425.0000000000002
426.0000000000002
427.0000000000002
428.0000000000002
429.0000000000002
430.0000000000002
431.0000000000002
432.0000000000002
433.0000000000002
434.0000000000002
435.0000000000002
436.0000000000002
437.0000000000002
438.0000000000002
439.0000000000002
440.0000000000002
441.0000000000002
442.0000000000002
443.0000000000002
444.0000000000002
408.2727272727275
409.2727272727275
410.2727272727275
411.2727272727275
412.2727272727275
413.2727272727275
414.2727272727275
415.2727272727275
416.2727272727275
417.2727272727275
418.2727272727275
419.2727272727275
420.2727272727275
421.2727272727275
422.2727272727275
423.2727272727275
424.2727272727275
425.2727272727275
426.2727272727275
427.2727272727275
428.2727272727275
429.2727272727275
430.2727272727275
431.2727272727275
432.2727272727275
433.2727272727275
434.2727272727275
435.2727272727275
436.2727272727275
437.2727272727275
438.2727272727275
439.2727272727275
440.2727272727275
441.2727272727275
442.2727272727275
443.2727272727275
444.2727272727275
445.2727272727275
446.2727272727275
447.2727272727275
448.2727272727275
449.2727272727275
450.2727272727275
412.54545454545473
413.54545454545473
414.54545454545473
415.54545454545473
416.54545454545473
417.54545454545473
418.54545454545473
419.54545454545473
420.54545454545473
421.54545454545473
422.54545454545473
423.54545454545473
424.54545454545473
425.54545454545473
426.54545454545473
427.54545454545473
428.54545454545473
429.54545454545473
430.54545454545473
431.54545454545473
432.54545454545473
433.54545454545473
434.54545454545473
435.54545454545473
436.54545454545473
437.54545454545473
438.54545454545473
439.54545454545473
440.54545454545473
441.54545454545473
442.54545454545473
443.54545454545473
444.54545454545473
445.54545454545473
446.54545454545473
447.54545454545473
448.54545454545473
449.54545454545473
450.54545454545473
451.54545454545473
452.54545454545473
453.54545454545473
454.54545454545473
455.54545454545473
415.81818181818204
416.81818181818204
417.81818181818204
418.81818181818204
419.81818181818204
420.81818181818204
421.81818181818204
422.81818181818204
423.81818181818204
424.81818181818204
425.81818181818204
426.81818181818204
427.81818181818204
428.81818181818204
429.81818181818204
430.81818181818204
431.81818181818204
432.81818181818204
433.81818181818204
434.81818181818204
435.81818181818204
436.81818181818204
437.81818181818204
438.81818181818204
439.81818181818204
440.81818181818204
441.81818181818204
442.81818181818204
443.81818181818204
444.81818181818204
445.81818181818204
446.81818181818204
447.81818181818204
448.81818181818204
449.81818181818204
450.81818181818204
451.81818181818204
452.81818181818204
453.81818181818204
454.81818181818204
455.81818181818204
456.81818181818204
457.81818181818204
458.81818181818204
459.81818181818204
460.81818181818204
461.81818181818204
419.0909090909093
420.0909090909093
421.0909090909093
422.0909090909093
423.0909090909093
424.0909090909093
425.0909090909093
426.0909090909093
427.0909090909093
428.0909090909093
429.0909090909093
430.0909090909093
431.0909090909093
432.0909090909093
433.0909090909093
434.0909090909093
435.0909090909093
436.0909090909093
437.0909090909093
438.0909090909093
439.0909090909093
440.0909090909093
441.0909090909093
442.0909090909093
443.0909090909093
444.0909090909093
445.0909090909093
446.0909090909093
447.0909090909093
448.0909090909093
449.0909090909093
450.0909090909093
451.0909090909093
452.0909090909093
453.0909090909093
454.0909090909093
455.0909090909093
456.0909090909093
457.0909090909093
458.0909090909093
459.0909090909093
460.0909090909093
461.0909090909093
462.0909090909093
463.0909090909093
464.0909090909093
465.0909090909093
466.0909090909093
467.0909090909093
423.36363636363654
424.36363636363654
425.36363636363654
426.36363636363654
427.36363636363654
428.36363636363654
429.36363636363654
430.36363636363654
431.36363636363654
432.36363636363654
433.36363636363654
434.36363636363654
435.36363636363654
436.36363636363654
437.36363636363654
438.36363636363654
439.36363636363654
440.36363636363654
441.36363636363654
442.36363636363654
443.36363636363654
444.36363636363654
445.36363636363654
446.36363636363654
447.36363636363654
448.36363636363654
449.36363636363654
450.36363636363654
451.36363636363654
452.36363636363654
453.36363636363654
454.36363636363654
455.36363636363654
456.36363636363654
457.36363636363654
458.36363636363654
459.36363636363654
460.36363636363654
461.36363636363654
462.36363636363654
463.36363636363654
464.36363636363654
465.36363636363654
466.36363636363654
467.36363636363654
468.36363636363654
469.36363636363654
470.36363636363654
471.36363636363654
426.6363636363638
427.6363636363638
428.6363636363638
429.6363636363638
430.6363636363638
431.6363636363638
432.6363636363638
433.6363636363638
434.6363636363638
435.6363636363638
436.6363636363638
437.6363636363638
438.6363636363638
439.6363636363638
440.6363636363638
441.6363636363638
442.6363636363638
443.6363636363638
444.6363636363638
445.6363636363638
446.6363636363638
447.6363636363638
448.6363636363638
449.6363636363638
450.6363636363638
451.6363636363638
452.6363636363638
453.6363636363638
454.6363636363638
455.6363636363638
456.6363636363638
457.6363636363638
458.6363636363638
459.6363636363638
460.6363636363638
461.6363636363638
462.6363636363638
463.6363636363638
464.6363636363638
465.6363636363638
466.6363636363638
467.6363636363638
468.6363636363638
469.6363636363638
470.6363636363638
471.6363636363638
472.6363636363638
473.6363636363638
474.6363636363638
475.6363636363638
476.6363636363638
477.6363636363638
429.90909090909116
430.90909090909116
431.90909090909116
432.90909090909116
433.90909090909116
434.90909090909116
435.90909090909116
436.90909090909116
437.90909090909116
438.90909090909116
439.90909090909116
440.90909090909116
441.90909090909116
442.90909090909116
443.90909090909116
444.90909090909116
445.90909090909116
446.90909090909116
447.90909090909116
450.90909090909116
451.90909090909116
452.90909090909116
453.90909090909116
454.90909090909116
455.90909090909116
456.90909090909116
457.90909090909116
458.90909090909116
459.90909090909116
460.90909090909116
461.90909090909116
462.90909090909116
463.90909090909116
464.90909090909116
465.90909090909116
466.90909090909116
467.90909090909116
468.90909090909116
469.90909090909116
470.90909090909116
471.90909090909116
472.90909090909116
473.90909090909116
474.90909090909116
475.90909090909116
476.90909090909116
477.90909090909116
478.90909090909116
479.90909090909116
480.90909090909116
481.90909090909116
482.90909090909116
434.1818181818184
435.1818181818184
436.1818181818184
437.1818181818184
438.1818181818184
439.1818181818184
440.1818181818184
441.1818181818184
442.1818181818184
443.1818181818184
444.1818181818184
445.1818181818184
446.1818181818184
447.1818181818184
448.1818181818184
449.1818181818184
450.1818181818184
451.1818181818184
452.1818181818184
459.1818181818184
460.1818181818184
461.1818181818184
462.1818181818184
463.1818181818184
464.1818181818184
465.1818181818184
466.1818181818184
467.1818181818184
468.1818181818184
469.1818181818184
470.1818181818184
471.1818181818184
472.1818181818184
473.1818181818184
474.1818181818184
475.1818181818184
476.1818181818184
477.1818181818184
478.1818181818184
479.1818181818184
480.1818181818184
481.1818181818184
482.1818181818184
483.1818181818184
484.1818181818184
485.1818181818184
486.1818181818184
487.1818181818184
488.1818181818184
437.45454545454567
438.45454545454567
439.45454545454567
440.45454545454567
441.45454545454567
442.45454545454567
443.45454545454567
444.45454545454567
445.45454545454567
446.45454545454567
447.45454545454567
448.45454545454567
449.45454545454567
450.45454545454567
451.45454545454567
452.45454545454567
453.45454545454567
454.45454545454567
455.45454545454567
456.45454545454567
466.45454545454567
467.45454545454567
468.45454545454567
469.45454545454567
470.45454545454567
471.45454545454567
472.45454545454567
473.45454545454567
474.45454545454567
475.45454545454567
476.45454545454567
477.45454545454567
478.45454545454567
479.45454545454567
480.45454545454567
481.45454545454567
482.45454545454567
483.45454545454567
484.45454545454567
485.45454545454567
486.45454545454567
487.45454545454567
488.45454545454567
489.45454545454567
490.45454545454567
491.45454545454567
492.45454545454567
493.45454545454567
440.7272727272729
441.7272727272729
442.7272727272729
443.7272727272729
444.7272727272729
445.7272727272729
446.7272727272729
447.7272727272729
448.7272727272729
449.7272727272729
450.7272727272729
451.7272727272729
452.7272727272729
453.7272727272729
454.7272727272729
455.7272727272729
456.7272727272729
457.7272727272729
458.7272727272729
459.7272727272729
473.7272727272729
474.7272727272729
475.7272727272729
476.7272727272729
477.7272727272729
478.7272727272729
479.7272727272729
480.7272727272729
481.7272727272729
482.7272727272729
483.7272727272729
484.7272727272729
485.7272727272729
486.7272727272729
487.7272727272729
488.7272727272729
489.7272727272729
490.7272727272729
491.7272727272729
492.7272727272729
493.7272727272729
494.7272727272729
495.7272727272729
496.7272727272729
497.7272727272729
498.7272727272729
499.7272727272729
444.0000000000003
445.0000000000003
446.0000000000003
447.0000000000003
448.0000000000003
449.0000000000003
450.0000000000003
451.0000000000003
452.0000000000003
453.0000000000003
454.0000000000003
455.0000000000003
456.0000000000003
457.0000000000003
458.0000000000003
459.0000000000003
460.0000000000003
461.0000000000003
462.0000000000003
463.0000000000003
464.0000000000003
479.0000000000003
480.0000000000003
481.0000000000003
482.0000000000003
483.0000000000003
484.0000000000003
485.0000000000003
486.0000000000003
487.0000000000003
488.0000000000003
489.0000000000003
490.0000000000003
491.0000000000003
492.0000000000003
493.0000000000003
494.0000000000003
495.0000000000003
496.0000000000003
497.0000000000003
498.0000000000003
499.0000000000003
500.0000000000003
501.0000000000003
502.0000000000003
503.0000000000003
504.0000000000003
505.0000000000003
447.27272727272754
448.27272727272754
449.27272727272754
450.27272727272754
451.27272727272754
452.27272727272754
453.27272727272754
454.27272727272754
455.27272727272754
456.27272727272754
457.27272727272754
458.27272727272754
459.27272727272754
460.27272727272754
461.27272727272754
462.27272727272754
463.27272727272754
464.27272727272754
465.27272727272754
466.27272727272754
467.27272727272754
483.27272727272754
484.27272727272754
485.27272727272754
486.27272727272754
487.27272727272754
488.27272727272754
489.27272727272754
490.27272727272754
491.27272727272754
492.27272727272754
493.27272727272754
494.27272727272754
495.27272727272754
496.27272727272754
497.27272727272754
498.27272727272754
499.27272727272754
500.27272727272754
501.27272727272754
502.27272727272754
503.27272727272754
504.27272727272754
505.27272727272754
506.27272727272754
507.27272727272754
508.27272727272754
509.27272727272754
510.27272727272754
450.5454545454548
451.5454545454548
452.5454545454548
453.5454545454548
454.5454545454548
455.5454545454548
456.5454545454548
457.5454545454548
458.5454545454548
459.5454545454548
460.5454545454548
461.5454545454548
462.5454545454548
463.5454545454548
464.5454545454548
465.5454545454548
466.5454545454548
467.5454545454548
468.5454545454548
469.5454545454548
470.5454545454548
471.5454545454548
488.5454545454548
489.5454545454548
490.5454545454548
491.5454545454548
492.5454545454548
493.5454545454548
494.5454545454548
495.5454545454548
496.5454545454548
497.5454545454548
498.5454545454548
499.5454545454548
500.5454545454548
501.5454545454548
502.5454545454548
503.5454545454548
504.5454545454548
505.5454545454548
506.5454545454548
507.5454545454548
508.5454545454548
509.5454545454548
510.5454545454548
511.5454545454548
512.5454545454547
513.5454545454547
514.5454545454547
515.5454545454547
516.5454545454547
453.81818181818204
454.81818181818204
455.81818181818204
456.81818181818204
457.81818181818204
458.81818181818204
459.81818181818204
460.81818181818204
461.81818181818204
462.81818181818204
463.81818181818204
464.81818181818204
465.81818181818204
466.81818181818204
467.81818181818204
468.81818181818204
469.81818181818204
470.81818181818204
471.81818181818204
472.81818181818204
473.81818181818204
474.81818181818204
475.81818181818204
492.81818181818204
493.81818181818204
494.81818181818204
495.81818181818204
496.81818181818204
497.81818181818204
498.81818181818204
499.81818181818204
500.81818181818204
501.81818181818204
502.81818181818204
503.81818181818204
504.81818181818204
505.81818181818204
506.81818181818204
507.81818181818204
508.81818181818204
509.81818181818204
510.81818181818204
511.81818181818204
512.818181818182
513.818181818182
514.818181818182
515.818181818182
516.818181818182
517.818181818182
518.818181818182
519.818181818182
520.818181818182
521.818181818182
522.818181818182
457.09090909090935
458.09090909090935
459.09090909090935
460.09090909090935
461.09090909090935
462.09090909090935
463.09090909090935
464.09090909090935
465.09090909090935
466.09090909090935
467.09090909090935
468.09090909090935
469.09090909090935
470.09090909090935
471.09090909090935
472.09090909090935
473.09090909090935
474.09090909090935
475.09090909090935
476.09090909090935
477.09090909090935
478.09090909090935
479.09090909090935
498.09090909090935
499.09090909090935
500.09090909090935
501.09090909090935
502.09090909090935
503.09090909090935
504.09090909090935
505.09090909090935
506.09090909090935
507.09090909090935
508.09090909090935
509.09090909090935
510.09090909090935
511.09090909090935
512.0909090909093
513.0909090909093
514.0909090909093
515.0909090909093
516.0909090909093
517.0909090909093
518.0909090909093
519.0909090909093
520.0909090909093
521.0909090909093
522.0909090909093
523.0909090909093
524.0909090909093
525.0909090909093
526.0909090909093
527.0909090909093
528.0909090909093
461.3636363636366
462.3636363636366
463.3636363636366
464.3636363636366
465.3636363636366
466.3636363636366
467.3636363636366
468.3636363636366
469.3636363636366
470.3636363636366
471.3636363636366
472.3636363636366
473.3636363636366
474.3636363636366
475.3636363636366
476.3636363636366
477.3636363636366
478.3636363636366
479.3636363636366
480.3636363636366
481.3636363636366
482.3636363636366
483.3636363636366
503.3636363636366
504.3636363636366
505.3636363636366
506.3636363636366
507.3636363636366
508.3636363636366
509.3636363636366
510.3636363636366
511.3636363636366
512.3636363636366
513.3636363636366
514.3636363636366
515.3636363636366
516.3636363636366
517.3636363636366
518.3636363636366
519.3636363636366
520.3636363636366
521.3636363636366
522.3636363636366
523.3636363636366
524.3636363636366
525.3636363636366
526.3636363636366
527.3636363636366
528.3636363636366
529.3636363636366
530.3636363636366
531.3636363636366
532.3636363636366
533.3636363636366
534.3636363636366
464.6363636363639
465.6363636363639
466.6363636363639
467.6363636363639
468.6363636363639
469.6363636363639
470.6363636363639
471.6363636363639
472.6363636363639
473.6363636363639
474.6363636363639
475.6363636363639
476.6363636363639
477.6363636363639
478.6363636363639
479.6363636363639
480.6363636363639
481.6363636363639
482.6363636363639
483.6363636363639
484.6363636363639
485.6363636363639
486.6363636363639
508.6363636363639
509.6363636363639
510.6363636363639
511.6363636363639
512.636363636364
513.636363636364
514.636363636364
515.636363636364
516.636363636364
517.636363636364
518.636363636364
519.636363636364
520.636363636364
521.636363636364
522.636363636364
523.636363636364
524.636363636364
525.636363636364
526.636363636364
527.636363636364
528.636363636364
529.636363636364
530.636363636364
531.636363636364
532.636363636364
533.636363636364
534.636363636364
535.636363636364
536.636363636364
537.636363636364
538.636363636364
539.636363636364
540.636363636364
467.90909090909116
468.90909090909116
469.90909090909116
470.90909090909116
471.90909090909116
472.90909090909116
473.90909090909116
474.90909090909116
475.90909090909116
476.90909090909116
477.90909090909116
478.90909090909116
479.90909090909116
480.90909090909116
481.90909090909116
482.90909090909116
483.90909090909116
484.90909090909116
485.90909090909116
486.90909090909116
487.90909090909116
488.90909090909116
489.90909090909116
514.9090909090912
515.9090909090912
516.9090909090912
517.9090909090912
518.9090909090912
519.9090909090912
520.9090909090912
521.9090909090912
522.9090909090912
523.9090909090912
524.9090909090912
525.9090909090912
526.9090909090912
527.9090909090912
528.9090909090912
529.9090909090912
530.9090909090912
531.9090909090912
532.9090909090912
533.9090909090912
534.9090909090912
535.9090909090912
536.9090909090912
537.9090909090912
538.9090909090912
539.9090909090912
540.9090909090912
541.9090909090912
542.9090909090912
543.9090909090912
544.9090909090912
545.9090909090912
470.18181818181847
471.18181818181847
472.18181818181847
473.18181818181847
474.18181818181847
475.18181818181847
476.18181818181847
477.18181818181847
478.18181818181847
479.18181818181847
480.18181818181847
481.18181818181847
482.18181818181847
483.18181818181847
484.18181818181847
485.18181818181847
486.18181818181847
487.18181818181847
488.18181818181847
489.18181818181847
490.18181818181847
491.18181818181847
492.18181818181847
493.18181818181847
494.18181818181847
520.1818181818185
521.1818181818185
522.1818181818185
523.1818181818185
524.1818181818185
525.1818181818185
526.1818181818185
527.1818181818185
528.1818181818185
529.1818181818185
530.1818181818185
531.1818181818185
532.1818181818185
533.1818181818185
534.1818181818185
535.1818181818185
536.1818181818185
537.1818181818185
538.1818181818185
539.1818181818185
540.1818181818185
541.1818181818185
542.1818181818185
543.1818181818185
544.1818181818185
545.1818181818185
546.1818181818185
547.1818181818185
548.1818181818185
549.1818181818185
550.1818181818185
551.1818181818185
552.1818181818185
473.4545454545457
474.4545454545457
475.4545454545457
476.4545454545457
477.4545454545457
478.4545454545457
479.4545454545457
480.4545454545457
481.4545454545457
482.4545454545457
483.4545454545457
484.4545454545457
485.4545454545457
486.4545454545457
487.4545454545457
488.4545454545457
489.4545454545457
490.4545454545457
491.4545454545457
492.4545454545457
493.4545454545457
494.4545454545457
495.4545454545457
496.4545454545457
497.4545454545457
526.4545454545457
527.4545454545457
528.4545454545457
529.4545454545457
530.4545454545457
531.4545454545457
532.4545454545457
533.4545454545457
534.4545454545457
535.4545454545457
536.4545454545457
537.4545454545457
538.4545454545457
539.4545454545457
540.4545454545457
541.4545454545457
542.4545454545457
543.4545454545457
544.4545454545457
545.4545454545457
546.4545454545457
547.4545454545457
548.4545454545457
549.4545454545457
550.4545454545457
551.4545454545457
552.4545454545457
553.4545454545457
554.4545454545457
555.4545454545457
556.4545454545457
557.4545454545457
558.4545454545457
476.727272727273
477.727272727273
478.727272727273
479.727272727273
480.727272727273
481.727272727273
482.727272727273
483.727272727273
484.727272727273
485.727272727273
486.727272727273
487.727272727273
488.727272727273
489.727272727273
490.727272727273
491.727272727273
492.727272727273
493.727272727273
494.727272727273
495.727272727273
496.727272727273
497.727272727273
498.727272727273
499.727272727273
500.727272727273
501.727272727273
531.727272727273
532.727272727273
533.727272727273
534.727272727273
535.727272727273
536.727272727273
537.727272727273
538.727272727273
539.727272727273
540.727272727273
541.727272727273
542.727272727273
543.727272727273
544.727272727273
545.727272727273
546.727272727273
547.727272727273
548.727272727273
549.727272727273
550.727272727273
551.727272727273
552.727272727273
553.727272727273
554.727272727273
555.727272727273
556.727272727273
557.727272727273
558.727272727273
559.727272727273
560.727272727273
561.727272727273
562.727272727273
563.727272727273
480.0000000000002
481.0000000000002
482.0000000000002
483.0000000000002
484.0000000000002
485.0000000000002
486.0000000000002
487.0000000000002
488.0000000000002
489.0000000000002
490.0000000000002
491.0000000000002
492.0000000000002
493.0000000000002
494.0000000000002
495.0000000000002
496.0000000000002
497.0000000000002
498.0000000000002
499.0000000000002
500.0000000000002
501.0000000000002
502.0000000000002
503.0000000000002
504.0000000000002
505.0000000000002
538.0000000000002
539.0000000000002
540.0000000000002
541.0000000000002
542.0000000000002
543.0000000000002
544.0000000000002
545.0000000000002
546.0000000000002
547.0000000000002
548.0000000000002
549.0000000000002
550.0000000000002
551.0000000000002
552.0000000000002
553.0000000000002
554.0000000000002
555.0000000000002
556.0000000000002
557.0000000000002
558.0000000000002
559.0000000000002
560.0000000000002
561.0000000000002
562.0000000000002
563.0000000000002
564.0000000000002
565.0000000000002
566.0000000000002
567.0000000000002
568.0000000000002
569.0000000000002
570.0000000000002
483.2727272727276
484.2727272727276
485.2727272727276
486.2727272727276
487.2727272727276
488.2727272727276
489.2727272727276
490.2727272727276
491.2727272727276
492.2727272727276
493.2727272727276
494.2727272727276
495.2727272727276
496.2727272727276
497.2727272727276
498.2727272727276
499.2727272727276
500.2727272727276
501.2727272727276
502.2727272727276
503.2727272727276
504.2727272727276
505.2727272727276
506.2727272727276
507.2727272727276
508.2727272727276
544.2727272727276
545.2727272727276
546.2727272727276
547.2727272727276
548.2727272727276
549.2727272727276
550.2727272727276
551.2727272727276
552.2727272727276
553.2727272727276
554.2727272727276
555.2727272727276
556.2727272727276
557.2727272727276
558.2727272727276
559.2727272727276
560.2727272727276
561.2727272727276
562.2727272727276
563.2727272727276
564.2727272727276
565.2727272727276
566.2727272727276
567.2727272727276
568.2727272727276
569.2727272727276
570.2727272727276
571.2727272727276
572.2727272727276
573.2727272727276
574.2727272727276
575.2727272727276
576.2727272727276
486.54545454545485
487.54545454545485
488.54545454545485
489.54545454545485
490.54545454545485
491.54545454545485
492.54545454545485
493.54545454545485
494.54545454545485
495.54545454545485
496.54545454545485
497.54545454545485
498.54545454545485
499.54545454545485
500.54545454545485
501.54545454545485
502.54545454545485
503.54545454545485
504.54545454545485
505.54545454545485
506.54545454545485
507.54545454545485
508.54545454545485
509.54545454545485
510.54545454545485
511.54545454545485
549.5454545454548
550.5454545454548
551.5454545454548
552.5454545454548
553.5454545454548
554.5454545454548
555.5454545454548
556.5454545454548
557.5454545454548
558.5454545454548
559.5454545454548
560.5454545454548
561.5454545454548
562.5454545454548
563.5454545454548
564.5454545454548
565.5454545454548
566.5454545454548
567.5454545454548
568.5454545454548
569.5454545454548
570.5454545454548
571.5454545454548
572.5454545454548
573.5454545454548
574.5454545454548
575.5454545454548
576.5454545454548
577.5454545454548
578.5454545454548
579.5454545454548
580.5454545454548
581.5454545454548
582.5454545454548
489.8181818181821
490.8181818181821
491.8181818181821
492.8181818181821
493.8181818181821
494.8181818181821
495.8181818181821
496.8181818181821
497.8181818181821
498.8181818181821
499.8181818181821
500.8181818181821
501.8181818181821
502.8181818181821
503.8181818181821
504.8181818181821
505.8181818181821
506.8181818181821
507.8181818181821
508.8181818181821
509.8181818181821
510.8181818181821
511.8181818181821
512.8181818181821
513.8181818181821
514.8181818181821
515.8181818181821
555.8181818181821
556.8181818181821
557.8181818181821
558.8181818181821
559.8181818181821
560.8181818181821
561.8181818181821
562.8181818181821
563.8181818181821
564.8181818181821
565.8181818181821
566.8181818181821
567.8181818181821
568.8181818181821
569.8181818181821
570.8181818181821
571.8181818181821
572.8181818181821
573.8181818181821
574.8181818181821
575.8181818181821
576.8181818181821
577.8181818181821
578.8181818181821
579.8181818181821
580.8181818181821
581.8181818181821
582.8181818181821
583.8181818181821
584.8181818181821
585.8181818181821
586.8181818181821
587.8181818181821
588.8181818181821
493.0909090909094
494.0909090909094
495.0909090909094
496.0909090909094
497.0909090909094
498.0909090909094
499.0909090909094
500.0909090909094
501.0909090909094
502.0909090909094
503.0909090909094
504.0909090909094
505.0909090909094
506.0909090909094
507.0909090909094
508.0909090909094
509.0909090909094
510.0909090909094
511.0909090909094
512.0909090909095
513.0909090909095
514.0909090909095
515.0909090909095
516.0909090909095
517.0909090909095
518.0909090909095
519.0909090909095
562.0909090909095
563.0909090909095
564.0909090909095
565.0909090909095
566.0909090909095
567.0909090909095
568.0909090909095
569.0909090909095
570.0909090909095
571.0909090909095
572.0909090909095
573.0909090909095
574.0909090909095
575.0909090909095
576.0909090909095
577.0909090909095
578.0909090909095
579.0909090909095
580.0909090909095
581.0909090909095
582.0909090909095
583.0909090909095
584.0909090909095
585.0909090909095
586.0909090909095
587.0909090909095
588.0909090909095
589.0909090909095
590.0909090909095
591.0909090909095
592.0909090909095
593.0909090909095
594.0909090909095
496.3636363636367
497.3636363636367
498.3636363636367
499.3636363636367
500.3636363636367
501.3636363636367
502.3636363636367
503.3636363636367
504.3636363636367
505.3636363636367
506.3636363636367
507.3636363636367
508.3636363636367
509.3636363636367
510.3636363636367
511.3636363636367
512.3636363636367
513.3636363636367
514.3636363636367
515.3636363636367
516.3636363636367
517.3636363636367
518.3636363636367
519.3636363636367
520.3636363636367
521.3636363636367
522.3636363636367
568.3636363636367
569.3636363636367
570.3636363636367
571.3636363636367
572.3636363636367
573.3636363636367
574.3636363636367
575.3636363636367
576.3636363636367
577.3636363636367
578.3636363636367
579.3636363636367
580.3636363636367
581.3636363636367
582.3636363636367
583.3636363636367
584.3636363636367
585.3636363636367
586.3636363636367
587.3636363636367
588.3636363636367
589.3636363636367
590.3636363636367
591.3636363636367
592.3636363636367
593.3636363636367
594.3636363636367
595.3636363636367
596.3636363636367
597.3636363636367
598.3636363636367
599.3636363636367
600.3636363636367
502.63636363636397
503.63636363636397
504.63636363636397
505.63636363636397
506.63636363636397
507.63636363636397
508.63636363636397
509.63636363636397
510.63636363636397
511.63636363636397
512.636363636364
513.636363636364
514.636363636364
515.636363636364
516.636363636364
517.636363636364
518.636363636364
519.636363636364
520.636363636364
521.636363636364
522.636363636364
523.636363636364
524.636363636364
525.636363636364
575.636363636364
576.636363636364
577.636363636364
578.636363636364
579.636363636364
580.636363636364
581.636363636364
582.636363636364
583.636363636364
584.636363636364
585.636363636364
586.636363636364
587.636363636364
588.636363636364
589.636363636364
590.636363636364
591.636363636364
592.636363636364
593.636363636364
594.636363636364
595.636363636364
596.636363636364
597.636363636364
598.636363636364
599.636363636364
600.636363636364
601.636363636364
602.636363636364
603.636363636364
604.636363636364
605.636363636364
606.636363636364
508.9090909090912
509.9090909090912
510.9090909090912
511.9090909090912
512.9090909090912
513.9090909090912
514.9090909090912
515.9090909090912
516.9090909090912
517.9090909090912
518.9090909090912
519.9090909090912
520.9090909090912
521.9090909090912
522.9090909090912
523.9090909090912
524.9090909090912
525.9090909090912
526.9090909090912
527.9090909090912
528.9090909090912
580.9090909090912
581.9090909090912
582.9090909090912
583.9090909090912
584.9090909090912
585.9090909090912
586.9090909090912
587.9090909090912
588.9090909090912
589.9090909090912
590.9090909090912
591.9090909090912
592.9090909090912
593.9090909090912
594.9090909090912
595.9090909090912
596.9090909090912
597.9090909090912
598.9090909090912
599.9090909090912
600.9090909090912
601.9090909090912
602.9090909090912
603.9090909090912
604.9090909090912
605.9090909090912
606.9090909090912
607.9090909090912
608.9090909090912
609.9090909090912
610.9090909090912
611.9090909090912
612.9090909090912
514.1818181818185
515.1818181818185
516.1818181818185
517.1818181818185
518.1818181818185
519.1818181818185
520.1818181818185
521.1818181818185
522.1818181818185
523.1818181818185
524.1818181818185
525.1818181818185
526.1818181818185
527.1818181818185
528.1818181818185
529.1818181818185
530.1818181818185
531.1818181818185
532.1818181818185
533.1818181818185
585.1818181818185
586.1818181818185
587.1818181818185
588.1818181818185
589.1818181818185
590.1818181818185
591.1818181818185
592.1818181818185
593.1818181818185
594.1818181818185
595.1818181818185
596.1818181818185
597.1818181818185
598.1818181818185
599.1818181818185
600.1818181818185
601.1818181818185
602.1818181818185
603.1818181818185
604.1818181818185
605.1818181818185
606.1818181818185
607.1818181818185
608.1818181818185
609.1818181818185
610.1818181818185
611.1818181818185
612.1818181818185
613.1818181818185
614.1818181818185
615.1818181818185
616.1818181818185
617.1818181818185
618.1818181818185
619.1818181818185
620.1818181818185
520.4545454545457
521.4545454545457
522.4545454545457
523.4545454545457
524.4545454545457
525.4545454545457
526.4545454545457
527.4545454545457
528.4545454545457
529.4545454545457
530.4545454545457
531.4545454545457
532.4545454545457
533.4545454545457
534.4545454545457
535.4545454545457
536.4545454545457
589.4545454545457
590.4545454545457
591.4545454545457
592.4545454545457
593.4545454545457
594.4545454545457
595.4545454545457
596.4545454545457
597.4545454545457
598.4545454545457
599.4545454545457
600.4545454545457
601.4545454545457
602.4545454545457
603.4545454545457
604.4545454545457
605.4545454545457
606.4545454545457
607.4545454545457
608.4545454545457
609.4545454545457
610.4545454545457
611.4545454545457
612.4545454545457
613.4545454545457
614.4545454545457
615.4545454545457
616.4545454545457
617.4545454545457
618.4545454545457
619.4545454545457
620.4545454545457
621.4545454545457
622.4545454545457
623.4545454545457
624.4545454545457
625.4545454545457
626.4545454545457
526.727272727273
527.727272727273
528.727272727273
529.727272727273
530.727272727273
531.727272727273
532.727272727273
533.727272727273
534.727272727273
535.727272727273
536.727272727273
537.727272727273
538.727272727273
539.727272727273
593.727272727273
594.727272727273
595.727272727273
596.727272727273
597.727272727273
598.727272727273
599.727272727273
600.727272727273
601.727272727273
602.727272727273
603.727272727273
604.727272727273
605.727272727273
606.727272727273
607.727272727273
608.727272727273
609.727272727273
610.727272727273
611.727272727273
612.727272727273
613.727272727273
614.727272727273
615.727272727273
616.727272727273
617.727272727273
618.727272727273
619.727272727273
620.727272727273
621.727272727273
622.727272727273
623.727272727273
624.727272727273
625.727272727273
626.727272727273
627.727272727273
628.727272727273
629.727272727273
630.727272727273
631.727272727273
531.0000000000002
532.0000000000002
533.0000000000002
534.0000000000002
535.0000000000002
536.0000000000002
537.0000000000002
538.0000000000002
539.0000000000002
540.0000000000002
541.0000000000002
542.0000000000002
543.0000000000002
598.0000000000002
599.0000000000002
600.0000000000002
601.0000000000002
602.0000000000002
603.0000000000002
604.0000000000002
605.0000000000002
606.0000000000002
607.0000000000002
608.0000000000002
609.0000000000002
610.0000000000002
611.0000000000002
612.0000000000002
613.0000000000002
614.0000000000002
615.0000000000002
616.0000000000002
617.0000000000002
618.0000000000002
619.0000000000002
620.0000000000002
621.0000000000002
622.0000000000002
623.0000000000002
624.0000000000002
625.0000000000002
626.0000000000002
627.0000000000002
628.0000000000002
629.0000000000002
630.0000000000002
631.0000000000002
632.0000000000002
633.0000000000002
634.0000000000002
635.0000000000002
636.0000000000002
637.0000000000002
638.0000000000002
639.0000000000002
535.2727272727277
536.2727272727277
537.2727272727277
538.2727272727277
539.2727272727277
540.2727272727277
541.2727272727277
542.2727272727277
543.2727272727277
544.2727272727277
545.2727272727277
546.2727272727277
602.2727272727277
603.2727272727277
604.2727272727277
605.2727272727277
606.2727272727277
607.2727272727277
608.2727272727277
609.2727272727277
610.2727272727277
611.2727272727277
612.2727272727277
613.2727272727277
614.2727272727277
615.2727272727277
616.2727272727277
617.2727272727277
618.2727272727277
619.2727272727277
620.2727272727277
621.2727272727277
622.2727272727277
623.2727272727277
624.2727272727277
625.2727272727277
626.2727272727277
627.2727272727277
628.2727272727277
629.2727272727277
630.2727272727277
631.2727272727277
632.2727272727277
633.2727272727277
634.2727272727277
635.2727272727277
636.2727272727277
637.2727272727277
638.2727272727277
639.2727272727277
640.2727272727277
641.2727272727277
642.2727272727277
643.2727272727277
644.2727272727277
645.2727272727277
538.545454545455
539.545454545455
540.545454545455
541.545454545455
542.545454545455
543.545454545455
544.545454545455
545.545454545455
546.545454545455
547.545454545455
548.545454545455
549.545454545455
606.545454545455
607.545454545455
608.545454545455
609.545454545455
610.545454545455
611.545454545455
612.545454545455
613.545454545455
614.545454545455
615.545454545455
616.545454545455
617.545454545455
618.545454545455
619.545454545455
620.545454545455
621.545454545455
622.545454545455
623.545454545455
624.545454545455
625.545454545455
626.545454545455
627.545454545455
628.545454545455
629.545454545455
630.545454545455
631.545454545455
632.545454545455
633.545454545455
634.545454545455
635.545454545455
636.545454545455
637.545454545455
638.545454545455
639.545454545455
640.545454545455
641.545454545455
642.545454545455
643.545454545455
644.545454545455
645.545454545455
646.545454545455
647.545454545455
648.545454545455
649.545454545455
650.545454545455
651.545454545455
541.8181818181822
542.8181818181822
543.8181818181822
544.8181818181822
545.8181818181822
546.8181818181822
547.8181818181822
548.8181818181822
549.8181818181822
550.8181818181822
551.8181818181822
552.8181818181822
610.8181818181822
611.8181818181822
612.8181818181822
613.8181818181822
614.8181818181822
615.8181818181822
616.8181818181822
617.8181818181822
618.8181818181822
619.8181818181822
620.8181818181822
621.8181818181822
622.8181818181822
623.8181818181822
624.8181818181822
625.8181818181822
626.8181818181822
627.8181818181822
628.8181818181822
629.8181818181822
630.8181818181822
631.8181818181822
632.8181818181822
633.8181818181822
634.8181818181822
635.8181818181822
636.8181818181822
637.8181818181822
638.8181818181822
639.8181818181822
640.8181818181822
641.8181818181822
642.8181818181822
643.8181818181822
644.8181818181822
645.8181818181822
646.8181818181822
647.8181818181822
648.8181818181822
649.8181818181822
650.8181818181822
651.8181818181822
652.8181818181822
653.8181818181822
654.8181818181822
655.8181818181822
656.8181818181822
657.8181818181822
658.8181818181822
546.0909090909095
547.0909090909095
548.0909090909095
549.0909090909095
550.0909090909095
551.0909090909095
552.0909090909095
553.0909090909095
554.0909090909095
555.0909090909095
556.0909090909095
557.0909090909095
614.0909090909095
615.0909090909095
616.0909090909095
617.0909090909095
618.0909090909095
619.0909090909095
620.0909090909095
621.0909090909095
622.0909090909095
623.0909090909095
624.0909090909095
625.0909090909095
626.0909090909095
627.0909090909095
628.0909090909095
629.0909090909095
630.0909090909095
631.0909090909095
632.0909090909095
633.0909090909095
634.0909090909095
635.0909090909095
636.0909090909095
637.0909090909095
638.0909090909095
639.0909090909095
640.0909090909095
641.0909090909095
642.0909090909095
643.0909090909095
644.0909090909095
645.0909090909095
646.0909090909095
647.0909090909095
648.0909090909095
649.0909090909095
650.0909090909095
651.0909090909095
652.0909090909095
653.0909090909095
654.0909090909095
655.0909090909095
656.0909090909095
657.0909090909095
658.0909090909095
659.0909090909095
660.0909090909095
661.0909090909095
662.0909090909095
663.0909090909095
664.0909090909095
665.0909090909095
549.3636363636367
550.3636363636367
551.3636363636367
552.3636363636367
553.3636363636367
554.3636363636367
555.3636363636367
556.3636363636367
557.3636363636367
558.3636363636367
559.3636363636367
560.3636363636367
561.3636363636367
562.3636363636367
563.3636363636367
618.3636363636367
619.3636363636367
620.3636363636367
621.3636363636367
622.3636363636367
623.3636363636367
624.3636363636367
625.3636363636367
626.3636363636367
627.3636363636367
628.3636363636367
629.3636363636367
630.3636363636367
631.3636363636367
632.3636363636367
633.3636363636367
634.3636363636367
635.3636363636367
636.3636363636367
637.3636363636367
638.3636363636367
639.3636363636367
643.3636363636367
644.3636363636367
645.3636363636367
646.3636363636367
647.3636363636367
648.3636363636367
649.3636363636367
650.3636363636367
651.3636363636367
652.3636363636367
653.3636363636367
654.3636363636367
655.3636363636367
656.3636363636367
657.3636363636367
658.3636363636367
659.3636363636367
660.3636363636367
661.3636363636367
662.3636363636367
663.3636363636367
664.3636363636367
665.3636363636367
666.3636363636367
667.3636363636367
668.3636363636367
669.3636363636367
670.3636363636367
671.3636363636367
622.636363636364
623.636363636364
624.636363636364
625.636363636364
626.636363636364
627.636363636364
628.636363636364
629.636363636364
630.636363636364
631.636363636364
632.636363636364
633.636363636364
634.636363636364
635.636363636364
636.636363636364
637.636363636364
638.636363636364
639.636363636364
640.636363636364
641.636363636364
642.636363636364
650.636363636364
651.636363636364
652.636363636364
653.636363636364
654.636363636364
655.636363636364
656.636363636364
657.636363636364
658.636363636364
659.636363636364
660.636363636364
661.636363636364
662.636363636364
663.636363636364
664.636363636364
665.636363636364
666.636363636364
667.636363636364
668.636363636364
669.636363636364
670.636363636364
671.636363636364
672.636363636364
673.636363636364
626.9090909090912
627.9090909090912
628.9090909090912
629.9090909090912
630.9090909090912
631.9090909090912
632.9090909090912
633.9090909090912
634.9090909090912
635.9090909090912
636.9090909090912
637.9090909090912
638.9090909090912
639.9090909090912
640.9090909090912
641.9090909090912
642.9090909090912
643.9090909090912
644.9090909090912
645.9090909090912
655.9090909090912
656.9090909090912
657.9090909090912
658.9090909090912
659.9090909090912
660.9090909090912
661.9090909090912
662.9090909090912
663.9090909090912
664.9090909090912
665.9090909090912
666.9090909090912
667.9090909090912
668.9090909090912
669.9090909090912
670.9090909090912
671.9090909090912
631.1818181818185
632.1818181818185
633.1818181818185
634.1818181818185
635.1818181818185
636.1818181818185
637.1818181818185
638.1818181818185
639.1818181818185
640.1818181818185
641.1818181818185
642.1818181818185
643.1818181818185
644.1818181818185
645.1818181818185
646.1818181818185
647.1818181818185
648.1818181818185
649.1818181818185
660.1818181818185
661.1818181818185
662.1818181818185
663.1818181818185
664.1818181818185
665.1818181818185
666.1818181818185
667.1818181818185
668.1818181818185
669.1818181818185
634.4545454545458
635.4545454545458
636.4545454545458
637.4545454545458
638.4545454545458
639.4545454545458
640.4545454545458
641.4545454545458
642.4545454545458
643.4545454545458
644.4545454545458
645.4545454545458
646.4545454545458
647.4545454545458
648.4545454545458
649.4545454545458
650.4545454545458
651.4545454545458
663.4545454545458
664.4545454545458
665.4545454545458
666.4545454545458
667.4545454545458
668.4545454545458
669.4545454545458
670.4545454545458
638.7272727272731
639.7272727272731
640.7272727272731
641.7272727272731
642.7272727272731
643.7272727272731
644.7272727272731
645.7272727272731
646.7272727272731
647.7272727272731
648.7272727272731
649.7272727272731
650.7272727272731
651.7272727272731
652.7272727272731
653.7272727272731
654.7272727272731
667.7272727272731
668.7272727272731
669.7272727272731
670.7272727272731
671.7272727272731
672.7272727272731
673.7272727272731
674.7272727272731
675.7272727272731
676.7272727272731
677.7272727272731
643.0000000000005
644.0000000000005
645.0000000000005
646.0000000000005
647.0000000000005
648.0000000000005
649.0000000000005
650.0000000000005
651.0000000000005
652.0000000000005
653.0000000000005
654.0000000000005
655.0000000000005
656.0000000000005
657.0000000000005
658.0000000000005
672.0000000000005
673.0000000000005
674.0000000000005
675.0000000000005
676.0000000000005
677.0000000000005
678.0000000000005
679.0000000000005
680.0000000000005
681.0000000000005
682.0000000000005
683.0000000000005
684.0000000000005
685.0000000000005
576.2727272727277
577.2727272727277
578.2727272727277
579.2727272727277
580.2727272727277
581.2727272727277
582.2727272727277
583.2727272727277
584.2727272727277
585.2727272727277
586.2727272727277
587.2727272727277
588.2727272727277
589.2727272727277
590.2727272727277
591.2727272727277
592.2727272727277
593.2727272727277
594.2727272727277
595.2727272727277
596.2727272727277
597.2727272727277
598.2727272727277
599.2727272727277
600.2727272727277
601.2727272727277
602.2727272727277
603.2727272727277
646.2727272727277
647.2727272727277
648.2727272727277
649.2727272727277
650.2727272727277
651.2727272727277
652.2727272727277
653.2727272727277
654.2727272727277
655.2727272727277
656.2727272727277
657.2727272727277
658.2727272727277
659.2727272727277
660.2727272727277
661.2727272727277
676.2727272727277
677.2727272727277
678.2727272727277
679.2727272727277
680.2727272727277
681.2727272727277
682.2727272727277
683.2727272727277
684.2727272727277
685.2727272727277
686.2727272727277
687.2727272727277
688.2727272727277
689.2727272727277
690.2727272727277
691.2727272727277
692.2727272727277
580.545454545455
581.545454545455
582.545454545455
583.545454545455
584.545454545455
585.545454545455
586.545454545455
587.545454545455
588.545454545455
589.545454545455
590.545454545455
591.545454545455
592.545454545455
593.545454545455
594.545454545455
595.545454545455
596.545454545455
597.545454545455
598.545454545455
599.545454545455
600.545454545455
601.545454545455
602.545454545455
603.545454545455
604.545454545455
605.545454545455
606.545454545455
607.545454545455
608.545454545455
609.545454545455
610.545454545455
611.545454545455
612.545454545455
613.545454545455
614.545454545455
615.545454545455
616.545454545455
650.545454545455
651.545454545455
652.545454545455
653.545454545455
654.545454545455
655.545454545455
656.545454545455
657.545454545455
658.545454545455
659.545454545455
660.545454545455
661.545454545455
662.545454545455
663.545454545455
664.545454545455
680.545454545455
681.545454545455
682.545454545455
683.545454545455
684.545454545455
685.545454545455
686.545454545455
687.545454545455
688.545454545455
689.545454545455
690.545454545455
691.545454545455
692.545454545455
693.545454545455
694.545454545455
695.545454545455
696.545454545455
697.545454545455
698.545454545455
699.545454545455
583.8181818181822
584.8181818181822
585.8181818181822
586.8181818181822
587.8181818181822
588.8181818181822
589.8181818181822
590.8181818181822
591.8181818181822
592.8181818181822
593.8181818181822
594.8181818181822
595.8181818181822
596.8181818181822
597.8181818181822
598.8181818181822
599.8181818181822
600.8181818181822
601.8181818181822
602.8181818181822
603.8181818181822
604.8181818181822
605.8181818181822
606.8181818181822
607.8181818181822
608.8181818181822
609.8181818181822
610.8181818181822
611.8181818181822
612.8181818181822
613.8181818181822
614.8181818181822
615.8181818181822
616.8181818181822
617.8181818181822
618.8181818181822
619.8181818181822
620.8181818181822
621.8181818181822
622.8181818181822
654.8181818181822
655.8181818181822
656.8181818181822
657.8181818181822
658.8181818181822
659.8181818181822
660.8181818181822
661.8181818181822
662.8181818181822
663.8181818181822
664.8181818181822
665.8181818181822
666.8181818181822
667.8181818181822
684.8181818181822
685.8181818181822
686.8181818181822
687.8181818181822
688.8181818181822
689.8181818181822
690.8181818181822
691.8181818181822
692.8181818181822
693.8181818181822
694.8181818181822
695.8181818181822
696.8181818181822
697.8181818181822
698.8181818181822
699.8181818181822
700.8181818181822
701.8181818181822
702.8181818181822
703.8181818181822
704.8181818181822
705.8181818181822
706.8181818181822
707.8181818181822
588.0909090909095
589.0909090909095
590.0909090909095
591.0909090909095
592.0909090909095
593.0909090909095
594.0909090909095
595.0909090909095
596.0909090909095
597.0909090909095
598.0909090909095
599.0909090909095
600.0909090909095
601.0909090909095
602.0909090909095
603.0909090909095
604.0909090909095
605.0909090909095
606.0909090909095
607.0909090909095
608.0909090909095
609.0909090909095
610.0909090909095
611.0909090909095
612.0909090909095
613.0909090909095
614.0909090909095
615.0909090909095
616.0909090909095
617.0909090909095
618.0909090909095
619.0909090909095
620.0909090909095
621.0909090909095
622.0909090909095
623.0909090909095
624.0909090909095
625.0909090909095
626.0909090909095
627.0909090909095
628.0909090909095
629.0909090909095
630.0909090909095
658.0909090909095
659.0909090909095
660.0909090909095
661.0909090909095
662.0909090909095
663.0909090909095
664.0909090909095
665.0909090909095
666.0909090909095
667.0909090909095
668.0909090909095
669.0909090909095
670.0909090909095
671.0909090909095
689.0909090909095
690.0909090909095
691.0909090909095
692.0909090909095
693.0909090909095
694.0909090909095
695.0909090909095
696.0909090909095
697.0909090909095
698.0909090909095
699.0909090909095
700.0909090909095
701.0909090909095
702.0909090909095
703.0909090909095
704.0909090909095
705.0909090909095
706.0909090909095
707.0909090909095
708.0909090909095
709.0909090909095
710.0909090909095
711.0909090909095
712.0909090909095
713.0909090909095
714.0909090909095
715.0909090909095
592.3636363636367
593.3636363636367
594.3636363636367
595.3636363636367
596.3636363636367
597.3636363636367
598.3636363636367
599.3636363636367
600.3636363636367
601.3636363636367
602.3636363636367
603.3636363636367
604.3636363636367
605.3636363636367
606.3636363636367
607.3636363636367
608.3636363636367
609.3636363636367
610.3636363636367
611.3636363636367
612.3636363636367
613.3636363636367
614.3636363636367
615.3636363636367
616.3636363636367
617.3636363636367
618.3636363636367
619.3636363636367
620.3636363636367
621.3636363636367
622.3636363636367
623.3636363636367
624.3636363636367
625.3636363636367
626.3636363636367
627.3636363636367
628.3636363636367
629.3636363636367
630.3636363636367
631.3636363636367
632.3636363636367
633.3636363636367
634.3636363636367
635.3636363636367
636.3636363636367
662.3636363636367
663.3636363636367
664.3636363636367
665.3636363636367
666.3636363636367
667.3636363636367
668.3636363636367
669.3636363636367
670.3636363636367
671.3636363636367
672.3636363636367
673.3636363636367
674.3636363636367
693.3636363636367
694.3636363636367
695.3636363636367
696.3636363636367
697.3636363636367
698.3636363636367
699.3636363636367
700.3636363636367
701.3636363636367
702.3636363636367
703.3636363636367
704.3636363636367
705.3636363636367
706.3636363636367
707.3636363636367
708.3636363636367
709.3636363636367
710.3636363636367
711.3636363636367
712.3636363636367
713.3636363636367
714.3636363636367
715.3636363636367
716.3636363636367
717.3636363636367
718.3636363636367
719.3636363636367
720.3636363636367
721.3636363636367
722.3636363636367
596.6363636363641
597.6363636363641
598.6363636363641
599.6363636363641
600.6363636363641
601.6363636363641
602.6363636363641
603.6363636363641
604.6363636363641
605.6363636363641
606.6363636363641
607.6363636363641
608.6363636363641
609.6363636363641
610.6363636363641
611.6363636363641
612.6363636363641
613.6363636363641
614.6363636363641
615.6363636363641
616.6363636363641
617.6363636363641
618.6363636363641
619.6363636363641
620.6363636363641
621.6363636363641
622.6363636363641
623.6363636363641
624.6363636363641
625.6363636363641
626.6363636363641
627.6363636363641
628.6363636363641
629.6363636363641
630.6363636363641
631.6363636363641
632.6363636363641
633.6363636363641
634.6363636363641
635.6363636363641
636.6363636363641
637.6363636363641
638.6363636363641
639.6363636363641
640.6363636363641
641.6363636363641
642.6363636363641
643.6363636363641
666.6363636363641
667.6363636363641
668.6363636363641
669.6363636363641
670.6363636363641
671.6363636363641
672.6363636363641
673.6363636363641
674.6363636363641
675.6363636363641
676.6363636363641
697.6363636363641
698.6363636363641
699.6363636363641
700.6363636363641
701.6363636363641
702.6363636363641
703.6363636363641
704.6363636363641
705.6363636363641
706.6363636363641
707.6363636363641
708.6363636363641
709.6363636363641
710.6363636363641
711.6363636363641
712.6363636363641
713.6363636363641
714.6363636363641
715.6363636363641
716.6363636363641
717.6363636363641
718.6363636363641
719.6363636363641
720.6363636363641
721.6363636363641
722.6363636363641
723.6363636363641
724.6363636363641
725.6363636363641
726.6363636363641
727.6363636363641
728.6363636363641
729.6363636363641
600.9090909090913
601.9090909090913
602.9090909090913
603.9090909090913
604.9090909090913
605.9090909090913
606.9090909090913
607.9090909090913
608.9090909090913
609.9090909090913
610.9090909090913
611.9090909090913
612.9090909090913
613.9090909090913
614.9090909090913
615.9090909090913
616.9090909090913
617.9090909090913
618.9090909090913
619.9090909090913
620.9090909090913
621.9090909090913
622.9090909090913
623.9090909090913
624.9090909090913
625.9090909090913
626.9090909090913
627.9090909090913
628.9090909090913
629.9090909090913
630.9090909090913
631.9090909090913
632.9090909090913
633.9090909090913
634.9090909090913
635.9090909090913
636.9090909090913
637.9090909090913
638.9090909090913
639.9090909090913
640.9090909090913
641.9090909090913
642.9090909090913
643.9090909090913
644.9090909090913
645.9090909090913
646.9090909090913
647.9090909090913
648.9090909090913
649.9090909090913
669.9090909090913
670.9090909090913
671.9090909090913
672.9090909090913
673.9090909090913
674.9090909090913
675.9090909090913
676.9090909090913
677.9090909090913
678.9090909090913
679.9090909090913
701.9090909090913
702.9090909090913
703.9090909090913
704.9090909090913
705.9090909090913
706.9090909090913
707.9090909090913
708.9090909090913
709.9090909090913
710.9090909090913
711.9090909090913
712.9090909090913
713.9090909090913
714.9090909090913
715.9090909090913
716.9090909090913
717.9090909090913
718.9090909090913
719.9090909090913
720.9090909090913
721.9090909090913
722.9090909090913
723.9090909090913
724.9090909090913
725.9090909090913
726.9090909090913
727.9090909090913
728.9090909090913
729.9090909090913
730.9090909090913
731.9090909090913
732.9090909090913
733.9090909090913
734.9090909090913
735.9090909090913
736.9090909090913
604.1818181818186
605.1818181818186
606.1818181818186
607.1818181818186
608.1818181818186
609.1818181818186
610.1818181818186
611.1818181818186
612.1818181818186
613.1818181818186
614.1818181818186
615.1818181818186
616.1818181818186
617.1818181818186
618.1818181818186
619.1818181818186
620.1818181818186
621.1818181818186
622.1818181818186
623.1818181818186
624.1818181818186
625.1818181818186
626.1818181818186
627.1818181818186
628.1818181818186
629.1818181818186
630.1818181818186
631.1818181818186
632.1818181818186
633.1818181818186
634.1818181818186
635.1818181818186
636.1818181818186
637.1818181818186
638.1818181818186
639.1818181818186
640.1818181818186
641.1818181818186
642.1818181818186
643.1818181818186
644.1818181818186
645.1818181818186
646.1818181818186
647.1818181818186
648.1818181818186
649.1818181818186
650.1818181818186
651.1818181818186
652.1818181818186
653.1818181818186
654.1818181818186
655.1818181818186
656.1818181818186
657.1818181818186
674.1818181818186
675.1818181818186
676.1818181818186
677.1818181818186
678.1818181818186
679.1818181818186
680.1818181818186
681.1818181818186
682.1818181818186
683.1818181818186
706.1818181818186
707.1818181818186
708.1818181818186
709.1818181818186
710.1818181818186
711.1818181818186
712.1818181818186
713.1818181818186
714.1818181818186
715.1818181818186
716.1818181818186
717.1818181818186
718.1818181818186
719.1818181818186
720.1818181818186
721.1818181818186
722.1818181818186
723.1818181818186
724.1818181818186
725.1818181818186
726.1818181818186
727.1818181818186
728.1818181818186
729.1818181818186
730.1818181818186
731.1818181818186
732.1818181818186
733.1818181818186
734.1818181818186
735.1818181818186
736.1818181818186
737.1818181818186
738.1818181818186
739.1818181818186
740.1818181818186
741.1818181818186
742.1818181818186
743.1818181818186
744.1818181818186
745.1818181818186
608.4545454545458
609.4545454545458
610.4545454545458
611.4545454545458
612.4545454545458
613.4545454545458
614.4545454545458
615.4545454545458
616.4545454545458
617.4545454545458
618.4545454545458
619.4545454545458
620.4545454545458
621.4545454545458
622.4545454545458
623.4545454545458
624.4545454545458
625.4545454545458
626.4545454545458
627.4545454545458
628.4545454545458
629.4545454545458
630.4545454545458
631.4545454545458
632.4545454545458
633.4545454545458
634.4545454545458
635.4545454545458
636.4545454545458
637.4545454545458
638.4545454545458
639.4545454545458
640.4545454545458
641.4545454545458
642.4545454545458
643.4545454545458
644.4545454545458
645.4545454545458
646.4545454545458
647.4545454545458
648.4545454545458
649.4545454545458
650.4545454545458
651.4545454545458
652.4545454545458
653.4545454545458
654.4545454545458
655.4545454545458
656.4545454545458
657.4545454545458
658.4545454545458
659.4545454545458
660.4545454545458
661.4545454545458
662.4545454545458
663.4545454545458
677.4545454545458
678.4545454545458
679.4545454545458
680.4545454545458
681.4545454545458
682.4545454545458
683.4545454545458
684.4545454545458
685.4545454545458
686.4545454545458
710.4545454545458
711.4545454545458
712.4545454545458
713.4545454545458
714.4545454545458
715.4545454545458
716.4545454545458
717.4545454545458
718.4545454545458
719.4545454545458
720.4545454545458
721.4545454545458
722.4545454545458
723.4545454545458
724.4545454545458
725.4545454545458
726.4545454545458
727.4545454545458
728.4545454545458
729.4545454545458
730.4545454545458
731.4545454545458
732.4545454545458
733.4545454545458
734.4545454545458
735.4545454545458
736.4545454545458
737.4545454545458
738.4545454545458
739.4545454545458
740.4545454545458
741.4545454545458
742.4545454545458
743.4545454545458
744.4545454545458
745.4545454545458
746.4545454545458
747.4545454545458
748.4545454545458
749.4545454545458
750.4545454545458
751.4545454545458
752.4545454545458
612.7272727272731
613.7272727272731
614.7272727272731
615.7272727272731
616.7272727272731
617.7272727272731
618.7272727272731
619.7272727272731
620.7272727272731
621.7272727272731
622.7272727272731
623.7272727272731
624.7272727272731
625.7272727272731
626.7272727272731
627.7272727272731
628.7272727272731
629.7272727272731
630.7272727272731
631.7272727272731
632.7272727272731
633.7272727272731
634.7272727272731
635.7272727272731
636.7272727272731
637.7272727272731
638.7272727272731
639.7272727272731
640.7272727272731
641.7272727272731
642.7272727272731
643.7272727272731
644.7272727272731
645.7272727272731
646.7272727272731
647.7272727272731
648.7272727272731
649.7272727272731
650.7272727272731
651.7272727272731
652.7272727272731
653.7272727272731
654.7272727272731
655.7272727272731
656.7272727272731
657.7272727272731
658.7272727272731
659.7272727272731
660.7272727272731
661.7272727272731
662.7272727272731
663.7272727272731
664.7272727272731
665.7272727272731
666.7272727272731
667.7272727272731
668.7272727272731
669.7272727272731
670.7272727272731
681.7272727272731
682.7272727272731
683.7272727272731
684.7272727272731
685.7272727272731
686.7272727272731
687.7272727272731
688.7272727272731
689.7272727272731
714.7272727272731
715.7272727272731
716.7272727272731
717.7272727272731
718.7272727272731
719.7272727272731
720.7272727272731
721.7272727272731
722.7272727272731
723.7272727272731
724.7272727272731
725.7272727272731
726.7272727272731
727.7272727272731
728.7272727272731
729.7272727272731
730.7272727272731
731.7272727272731
732.7272727272731
733.7272727272731
734.7272727272731
735.7272727272731
736.7272727272731
737.7272727272731
738.7272727272731
739.7272727272731
740.7272727272731
741.7272727272731
742.7272727272731
743.7272727272731
744.7272727272731
745.7272727272731
746.7272727272731
747.7272727272731
748.7272727272731
749.7272727272731
750.7272727272731
751.7272727272731
752.7272727272731
753.7272727272731
754.7272727272731
755.7272727272731
756.7272727272731
757.7272727272731
758.7272727272731
759.7272727272731
617.0000000000005
618.0000000000005
619.0000000000005
620.0000000000005
621.0000000000005
622.0000000000005
623.0000000000005
624.0000000000005
625.0000000000005
626.0000000000005
627.0000000000005
628.0000000000005
629.0000000000005
630.0000000000005
631.0000000000005
632.0000000000005
633.0000000000005
634.0000000000005
635.0000000000005
636.0000000000005
637.0000000000005
638.0000000000005
639.0000000000005
640.0000000000005
641.0000000000005
642.0000000000005
643.0000000000005
644.0000000000005
645.0000000000005
646.0000000000005
647.0000000000005
648.0000000000005
649.0000000000005
650.0000000000005
651.0000000000005
652.0000000000005
653.0000000000005
654.0000000000005
655.0000000000005
656.0000000000005
657.0000000000005
658.0000000000005
659.0000000000005
660.0000000000005
661.0000000000005
662.0000000000005
663.0000000000005
664.0000000000005
665.0000000000005
666.0000000000005
667.0000000000005
668.0000000000005
669.0000000000005
670.0000000000005
671.0000000000005
672.0000000000005
673.0000000000005
674.0000000000005
675.0000000000005
676.0000000000005
677.0000000000005
678.0000000000005
685.0000000000005
686.0000000000005
687.0000000000005
688.0000000000005
689.0000000000005
690.0000000000005
691.0000000000005
692.0000000000005
693.0000000000005
719.0000000000005
720.0000000000005
721.0000000000005
722.0000000000005
723.0000000000005
724.0000000000005
725.0000000000005
726.0000000000005
727.0000000000005
728.0000000000005
729.0000000000005
730.0000000000005
731.0000000000005
732.0000000000005
733.0000000000005
734.0000000000005
735.0000000000005
736.0000000000005
737.0000000000005
738.0000000000005
739.0000000000005
740.0000000000005
741.0000000000005
742.0000000000005
743.0000000000005
744.0000000000005
745.0000000000005
746.0000000000005
747.0000000000005
748.0000000000005
749.0000000000005
750.0000000000005
751.0000000000005
752.0000000000005
753.0000000000005
754.0000000000005
755.0000000000005
756.0000000000005
757.0000000000005
758.0000000000005
759.0000000000005
760.0000000000005
761.0000000000005
762.0000000000005
763.0000000000005
764.0000000000005
765.0000000000005
766.0000000000005
767.0000000000005
768.0000000000005
621.2727272727277
622.2727272727277
623.2727272727277
624.2727272727277
625.2727272727277
626.2727272727277
627.2727272727277
628.2727272727277
629.2727272727277
630.2727272727277
631.2727272727277
632.2727272727277
633.2727272727277
634.2727272727277
635.2727272727277
636.2727272727277
637.2727272727277
638.2727272727277
639.2727272727277
640.2727272727277
641.2727272727277
642.2727272727277
643.2727272727277
644.2727272727277
645.2727272727277
646.2727272727277
647.2727272727277
648.2727272727277
649.2727272727277
650.2727272727277
651.2727272727277
652.2727272727277
653.2727272727277
654.2727272727277
655.2727272727277
656.2727272727277
657.2727272727277
658.2727272727277
659.2727272727277
660.2727272727277
661.2727272727277
662.2727272727277
663.2727272727277
664.2727272727277
665.2727272727277
666.2727272727277
667.2727272727277
668.2727272727277
669.2727272727277
670.2727272727277
671.2727272727277
672.2727272727277
673.2727272727277
674.2727272727277
675.2727272727277
676.2727272727277
677.2727272727277
678.2727272727277
679.2727272727277
680.2727272727277
681.2727272727277
682.2727272727277
683.2727272727277
684.2727272727277
685.2727272727277
689.2727272727277
690.2727272727277
691.2727272727277
692.2727272727277
693.2727272727277
694.2727272727277
695.2727272727277
723.2727272727277
724.2727272727277
725.2727272727277
726.2727272727277
727.2727272727277
728.2727272727277
729.2727272727277
730.2727272727277
731.2727272727277
732.2727272727277
733.2727272727277
734.2727272727277
735.2727272727277
736.2727272727277
737.2727272727277
738.2727272727277
739.2727272727277
740.2727272727277
741.2727272727277
742.2727272727277
743.2727272727277
744.2727272727277
745.2727272727277
746.2727272727277
747.2727272727277
748.2727272727277
749.2727272727277
750.2727272727277
751.2727272727277
752.2727272727277
753.2727272727277
754.2727272727277
755.2727272727277
756.2727272727277
757.2727272727277
758.2727272727277
759.2727272727277
760.2727272727277
761.2727272727277
762.2727272727277
763.2727272727277
764.2727272727277
765.2727272727277
766.2727272727277
767.2727272727277
768.2727272727277
769.2727272727277
770.2727272727277
771.2727272727277
772.2727272727277
773.2727272727277
774.2727272727277
775.2727272727277
625.545454545455
626.545454545455
627.545454545455
628.545454545455
629.545454545455
630.545454545455
631.545454545455
632.545454545455
633.545454545455
634.545454545455
635.545454545455
636.545454545455
637.545454545455
638.545454545455
639.545454545455
640.545454545455
641.545454545455
642.545454545455
643.545454545455
644.545454545455
645.545454545455
646.545454545455
647.545454545455
648.545454545455
649.545454545455
650.545454545455
651.545454545455
652.545454545455
653.545454545455
654.545454545455
655.545454545455
656.545454545455
657.545454545455
658.545454545455
659.545454545455
660.545454545455
661.545454545455
662.545454545455
663.545454545455
664.545454545455
665.545454545455
666.545454545455
667.545454545455
668.545454545455
669.545454545455
670.545454545455
671.545454545455
672.545454545455
673.545454545455
674.545454545455
675.545454545455
676.545454545455
677.545454545455
678.545454545455
679.545454545455
680.545454545455
681.545454545455
682.545454545455
683.545454545455
684.545454545455
685.545454545455
686.545454545455
687.545454545455
688.545454545455
689.545454545455
690.545454545455
691.545454545455
692.545454545455
693.545454545455
694.545454545455
695.545454545455
696.545454545455
697.545454545455
698.545454545455
727.545454545455
728.545454545455
729.545454545455
730.545454545455
731.545454545455
732.545454545455
733.545454545455
734.545454545455
735.545454545455
736.545454545455
737.545454545455
738.545454545455
739.545454545455
740.545454545455
741.545454545455
742.545454545455
743.545454545455
744.545454545455
745.545454545455
746.545454545455
747.545454545455
748.545454545455
749.545454545455
750.545454545455
751.545454545455
752.545454545455
753.545454545455
754.545454545455
755.545454545455
756.545454545455
757.545454545455
758.545454545455
759.545454545455
760.545454545455
761.545454545455
762.545454545455
763.545454545455
764.545454545455
765.545454545455
766.545454545455
767.545454545455
768.545454545455
769.545454545455
770.545454545455
771.545454545455
772.545454545455
773.545454545455
774.545454545455
775.545454545455
776.545454545455
777.545454545455
778.545454545455
779.545454545455
780.545454545455
781.545454545455
782.545454545455
629.8181818181823
630.8181818181823
631.8181818181823
632.8181818181823
633.8181818181823
634.8181818181823
635.8181818181823
636.8181818181823
637.8181818181823
638.8181818181823
639.8181818181823
640.8181818181823
641.8181818181823
642.8181818181823
643.8181818181823
644.8181818181823
645.8181818181823
646.8181818181823
647.8181818181823
648.8181818181823
649.8181818181823
650.8181818181823
651.8181818181823
652.8181818181823
653.8181818181823
654.8181818181823
655.8181818181823
656.8181818181823
657.8181818181823
658.8181818181823
659.8181818181823
660.8181818181823
661.8181818181823
662.8181818181823
663.8181818181823
664.8181818181823
665.8181818181823
666.8181818181823
667.8181818181823
668.8181818181823
669.8181818181823
670.8181818181823
671.8181818181823
672.8181818181823
673.8181818181823
674.8181818181823
675.8181818181823
676.8181818181823
677.8181818181823
678.8181818181823
679.8181818181823
680.8181818181823
681.8181818181823
682.8181818181823
683.8181818181823
684.8181818181823
685.8181818181823
686.8181818181823
687.8181818181823
688.8181818181823
689.8181818181823
690.8181818181823
691.8181818181823
692.8181818181823
693.8181818181823
694.8181818181823
695.8181818181823
696.8181818181823
697.8181818181823
698.8181818181823
699.8181818181823
700.8181818181823
701.8181818181823
732.8181818181823
733.8181818181823
734.8181818181823
735.8181818181823
736.8181818181823
737.8181818181823
738.8181818181823
739.8181818181823
740.8181818181823
741.8181818181823
742.8181818181823
743.8181818181823
744.8181818181823
745.8181818181823
746.8181818181823
747.8181818181823
748.8181818181823
749.8181818181823
750.8181818181823
751.8181818181823
752.8181818181823
753.8181818181823
754.8181818181823
755.8181818181823
756.8181818181823
757.8181818181823
758.8181818181823
759.8181818181823
760.8181818181823
761.8181818181823
762.8181818181823
763.8181818181823
764.8181818181823
765.8181818181823
766.8181818181823
767.8181818181823
768.8181818181823
769.8181818181823
770.8181818181823
771.8181818181823
772.8181818181823
773.8181818181823
774.8181818181823
775.8181818181823
776.8181818181823
777.8181818181823
778.8181818181823
779.8181818181823
780.8181818181823
781.8181818181823
782.8181818181823
783.8181818181823
784.8181818181823
785.8181818181823
786.8181818181823
787.8181818181823
788.8181818181823
789.8181818181823
790.8181818181823
634.0909090909096
635.0909090909096
636.0909090909096
637.0909090909096
638.0909090909096
639.0909090909096
640.0909090909096
641.0909090909096
642.0909090909096
643.0909090909096
644.0909090909096
645.0909090909096
646.0909090909096
647.0909090909096
648.0909090909096
649.0909090909096
650.0909090909096
651.0909090909096
652.0909090909096
653.0909090909096
654.0909090909096
655.0909090909096
656.0909090909096
657.0909090909096
658.0909090909096
659.0909090909096
660.0909090909096
661.0909090909096
662.0909090909096
663.0909090909096
664.0909090909096
665.0909090909096
666.0909090909096
667.0909090909096
668.0909090909096
669.0909090909096
670.0909090909096
671.0909090909096
672.0909090909096
673.0909090909096
674.0909090909096
675.0909090909096
676.0909090909096
677.0909090909096
678.0909090909096
679.0909090909096
680.0909090909096
681.0909090909096
682.0909090909096
683.0909090909096
684.0909090909096
685.0909090909096
686.0909090909096
687.0909090909096
688.0909090909096
689.0909090909096
690.0909090909096
691.0909090909096
692.0909090909096
693.0909090909096
694.0909090909096
695.0909090909096
696.0909090909096
697.0909090909096
698.0909090909096
699.0909090909096
700.0909090909096
701.0909090909096
702.0909090909096
703.0909090909096
704.0909090909096
705.0909090909096
706.0909090909096
737.0909090909096
738.0909090909096
739.0909090909096
740.0909090909096
741.0909090909096
742.0909090909096
743.0909090909096
744.0909090909096
745.0909090909096
746.0909090909096
747.0909090909096
748.0909090909096
749.0909090909096
750.0909090909096
751.0909090909096
752.0909090909096
753.0909090909096
754.0909090909096
755.0909090909096
756.0909090909096
757.0909090909096
758.0909090909096
759.0909090909096
760.0909090909096
761.0909090909096
762.0909090909096
763.0909090909096
764.0909090909096
765.0909090909096
766.0909090909096
767.0909090909096
768.0909090909096
769.0909090909096
770.0909090909096
771.0909090909096
772.0909090909096
773.0909090909096
774.0909090909096
775.0909090909096
776.0909090909096
777.0909090909096
778.0909090909096
779.0909090909096
780.0909090909096
781.0909090909096
782.0909090909096
783.0909090909096
784.0909090909096
785.0909090909096
786.0909090909096
787.0909090909096
788.0909090909096
789.0909090909096
790.0909090909096
791.0909090909096
792.0909090909096
793.0909090909096
794.0909090909096
795.0909090909096
796.0909090909096
797.0909090909096
798.0909090909096
639.3636363636368
640.3636363636368
641.3636363636368
642.3636363636368
643.3636363636368
644.3636363636368
645.3636363636368
646.3636363636368
647.3636363636368
648.3636363636368
649.3636363636368
650.3636363636368
651.3636363636368
652.3636363636368
653.3636363636368
654.3636363636368
655.3636363636368
656.3636363636368
657.3636363636368
658.3636363636368
659.3636363636368
660.3636363636368
661.3636363636368
662.3636363636368
663.3636363636368
664.3636363636368
665.3636363636368
666.3636363636368
667.3636363636368
668.3636363636368
669.3636363636368
670.3636363636368
671.3636363636368
672.3636363636368
673.3636363636368
674.3636363636368
675.3636363636368
676.3636363636368
677.3636363636368
678.3636363636368
679.3636363636368
680.3636363636368
681.3636363636368
682.3636363636368
683.3636363636368
684.3636363636368
685.3636363636368
686.3636363636368
687.3636363636368
688.3636363636368
689.3636363636368
690.3636363636368
691.3636363636368
692.3636363636368
693.3636363636368
694.3636363636368
695.3636363636368
696.3636363636368
697.3636363636368
698.3636363636368
699.3636363636368
700.3636363636368
701.3636363636368
702.3636363636368
703.3636363636368
704.3636363636368
705.3636363636368
706.3636363636368
707.3636363636368
708.3636363636368
709.3636363636368
710.3636363636368
711.3636363636368
712.3636363636368
713.3636363636368
741.3636363636368
742.3636363636368
743.3636363636368
744.3636363636368
745.3636363636368
746.3636363636368
747.3636363636368
748.3636363636368
749.3636363636368
750.3636363636368
751.3636363636368
752.3636363636368
753.3636363636368
754.3636363636368
755.3636363636368
756.3636363636368
757.3636363636368
758.3636363636368
759.3636363636368
760.3636363636368
761.3636363636368
762.3636363636368
763.3636363636368
764.3636363636368
765.3636363636368
766.3636363636368
767.3636363636368
768.3636363636368
769.3636363636368
770.3636363636368
771.3636363636368
772.3636363636368
773.3636363636368
774.3636363636368
775.3636363636368
776.3636363636368
777.3636363636368
778.3636363636368
779.3636363636368
780.3636363636368
781.3636363636368
782.3636363636368
783.3636363636368
784.3636363636368
785.3636363636368
786.3636363636368
787.3636363636368
788.3636363636368
789.3636363636368
790.3636363636368
791.3636363636368
792.3636363636368
793.3636363636368
794.3636363636368
795.3636363636368
796.3636363636368
797.3636363636368
798.3636363636368
799.3636363636368
643.6363636363641
644.6363636363641
645.6363636363641
646.6363636363641
647.6363636363641
648.6363636363641
649.6363636363641
650.6363636363641
651.6363636363641
652.6363636363641
653.6363636363641
654.6363636363641
655.6363636363641
656.6363636363641
657.6363636363641
658.6363636363641
659.6363636363641
660.6363636363641
661.6363636363641
662.6363636363641
663.6363636363641
664.6363636363641
665.6363636363641
666.6363636363641
667.6363636363641
668.6363636363641
669.6363636363641
670.6363636363641
671.6363636363641
672.6363636363641
673.6363636363641
674.6363636363641
675.6363636363641
676.6363636363641
677.6363636363641
678.6363636363641
679.6363636363641
680.6363636363641
681.6363636363641
682.6363636363641
683.6363636363641
684.6363636363641
685.6363636363641
686.6363636363641
687.6363636363641
688.6363636363641
689.6363636363641
690.6363636363641
691.6363636363641
692.6363636363641
693.6363636363641
694.6363636363641
695.6363636363641
696.6363636363641
697.6363636363641
698.6363636363641
699.6363636363641
700.6363636363641
701.6363636363641
702.6363636363641
703.6363636363641
704.6363636363641
705.6363636363641
706.6363636363641
707.6363636363641
708.6363636363641
709.6363636363641
710.6363636363641
711.6363636363641
712.6363636363641
713.6363636363641
714.6363636363641
715.6363636363641
716.6363636363641
717.6363636363641
718.6363636363641
719.6363636363641
745.6363636363641
746.6363636363641
747.6363636363641
748.6363636363641
749.6363636363641
750.6363636363641
751.6363636363641
752.6363636363641
753.6363636363641
754.6363636363641
755.6363636363641
756.6363636363641
757.6363636363641
758.6363636363641
759.6363636363641
760.6363636363641
761.6363636363641
762.6363636363641
763.6363636363641
764.6363636363641
765.6363636363641
766.6363636363641
767.6363636363641
768.6363636363641
769.6363636363641
770.6363636363641
771.6363636363641
772.6363636363641
773.6363636363641
774.6363636363641
775.6363636363641
776.6363636363641
777.6363636363641
778.6363636363641
779.6363636363641
780.6363636363641
781.6363636363641
782.6363636363641
783.6363636363641
784.6363636363641
785.6363636363641
786.6363636363641
787.6363636363641
788.6363636363641
789.6363636363641
790.6363636363641
791.6363636363641
792.6363636363641
793.6363636363641
794.6363636363641
795.6363636363641
796.6363636363641
797.6363636363641
798.6363636363641
799.6363636363641
648.9090909090913
650.9090909090913
651.9090909090913
652.9090909090913
653.9090909090913
654.9090909090913
655.9090909090913
656.9090909090913
657.9090909090913
658.9090909090913
659.9090909090913
660.9090909090913
661.9090909090913
662.9090909090913
663.9090909090913
664.9090909090913
665.9090909090913
666.9090909090913
667.9090909090913
668.9090909090913
669.9090909090913
670.9090909090913
671.9090909090913
672.9090909090913
673.9090909090913
674.9090909090913
675.9090909090913
676.9090909090913
677.9090909090913
678.9090909090913
679.9090909090913
680.9090909090913
681.9090909090913
682.9090909090913
683.9090909090913
684.9090909090913
685.9090909090913
686.9090909090913
687.9090909090913
688.9090909090913
689.9090909090913
690.9090909090913
691.9090909090913
692.9090909090913
693.9090909090913
694.9090909090913
695.9090909090913
696.9090909090913
697.9090909090913
698.9090909090913
699.9090909090913
700.9090909090913
701.9090909090913
702.9090909090913
703.9090909090913
704.9090909090913
705.9090909090913
706.9090909090913
707.9090909090913
708.9090909090913
709.9090909090913
710.9090909090913
711.9090909090913
712.9090909090913
713.9090909090913
714.9090909090913
715.9090909090913
716.9090909090913
717.9090909090913
718.9090909090913
719.9090909090913
720.9090909090913
721.9090909090913
722.9090909090913
723.9090909090913
724.9090909090913
725.9090909090913
726.9090909090913
750.9090909090913
751.9090909090913
752.9090909090913
753.9090909090913
754.9090909090913
755.9090909090913
756.9090909090913
757.9090909090913
758.9090909090913
759.9090909090913
760.9090909090913
761.9090909090913
762.9090909090913
763.9090909090913
764.9090909090913
765.9090909090913
766.9090909090913
767.9090909090913
768.9090909090913
769.9090909090913
770.9090909090913
771.9090909090913
772.9090909090913
773.9090909090913
774.9090909090913
775.9090909090913
776.9090909090913
777.9090909090913
778.9090909090913
779.9090909090913
780.9090909090913
781.9090909090913
782.9090909090913
783.9090909090913
784.9090909090913
785.9090909090913
786.9090909090913
787.9090909090913
788.9090909090913
789.9090909090913
790.9090909090913
791.9090909090913
792.9090909090913
793.9090909090913
794.9090909090913
795.9090909090913
796.9090909090913
797.9090909090913
798.9090909090913
799.9090909090913
656.1818181818187
657.1818181818187
658.1818181818187
659.1818181818187
660.1818181818187
661.1818181818187
662.1818181818187
663.1818181818187
664.1818181818187
665.1818181818187
666.1818181818187
667.1818181818187
668.1818181818187
669.1818181818187
670.1818181818187
671.1818181818187
672.1818181818187
673.1818181818187
674.1818181818187
675.1818181818187
676.1818181818187
677.1818181818187
678.1818181818187
679.1818181818187
680.1818181818187
681.1818181818187
682.1818181818187
683.1818181818187
684.1818181818187
685.1818181818187
686.1818181818187
687.1818181818187
688.1818181818187
689.1818181818187
690.1818181818187
691.1818181818187
692.1818181818187
693.1818181818187
694.1818181818187
695.1818181818187
696.1818181818187
697.1818181818187
698.1818181818187
699.1818181818187
700.1818181818187
701.1818181818187
702.1818181818187
703.1818181818187
704.1818181818187
705.1818181818187
706.1818181818187
707.1818181818187
708.1818181818187
709.1818181818187
710.1818181818187
711.1818181818187
712.1818181818187
713.1818181818187
714.1818181818187
715.1818181818187
716.1818181818187
717.1818181818187
718.1818181818187
719.1818181818187
720.1818181818187
721.1818181818187
722.1818181818187
723.1818181818187
724.1818181818187
725.1818181818187
726.1818181818187
727.1818181818187
728.1818181818187
729.1818181818187
730.1818181818187
731.1818181818187
732.1818181818187
733.1818181818187
734.1818181818187
755.1818181818187
756.1818181818187
757.1818181818187
758.1818181818187
759.1818181818187
760.1818181818187
761.1818181818187
762.1818181818187
763.1818181818187
764.1818181818187
765.1818181818187
766.1818181818187
767.1818181818187
768.1818181818187
769.1818181818187
770.1818181818187
771.1818181818187
772.1818181818187
773.1818181818187
774.1818181818187
775.1818181818187
776.1818181818187
777.1818181818187
778.1818181818187
779.1818181818187
780.1818181818187
781.1818181818187
782.1818181818187
783.1818181818187
784.1818181818187
785.1818181818187
786.1818181818187
787.1818181818187
788.1818181818187
789.1818181818187
790.1818181818187
791.1818181818187
792.1818181818187
793.1818181818187
794.1818181818187
795.1818181818187
796.1818181818187
797.1818181818187
798.1818181818187
799.1818181818187
653.454545454546
654.454545454546
656.454545454546
657.454545454546
661.454545454546
662.454545454546
663.454545454546
664.454545454546
665.454545454546
666.454545454546
667.454545454546
668.454545454546
669.454545454546
670.454545454546
671.454545454546
672.454545454546
673.454545454546
674.454545454546
675.454545454546
676.454545454546
677.454545454546
678.454545454546
679.454545454546
680.454545454546
681.454545454546
682.454545454546
683.454545454546
684.454545454546
685.454545454546
686.454545454546
687.454545454546
688.454545454546
689.454545454546
690.454545454546
691.454545454546
692.454545454546
693.454545454546
694.454545454546
695.454545454546
696.454545454546
697.454545454546
698.454545454546
699.454545454546
700.454545454546
701.454545454546
702.454545454546
703.454545454546
704.454545454546
705.454545454546
706.454545454546
707.454545454546
708.454545454546
709.454545454546
710.454545454546
711.454545454546
712.454545454546
713.454545454546
714.454545454546
715.454545454546
716.454545454546
717.454545454546
718.454545454546
719.454545454546
720.454545454546
721.454545454546
722.454545454546
723.454545454546
724.454545454546
725.454545454546
726.454545454546
727.454545454546
728.454545454546
729.454545454546
730.454545454546
731.454545454546
732.454545454546
733.454545454546
734.454545454546
735.454545454546
736.454545454546
737.454545454546
738.454545454546
739.454545454546
740.454545454546
741.454545454546
759.454545454546
760.454545454546
761.454545454546
762.454545454546
763.454545454546
764.454545454546
765.454545454546
766.454545454546
767.454545454546
768.454545454546
769.454545454546
770.454545454546
771.454545454546
772.454545454546
773.454545454546
774.454545454546
775.454545454546
776.454545454546
777.454545454546
778.454545454546
779.454545454546
780.454545454546
781.454545454546
782.454545454546
783.454545454546
784.454545454546
785.454545454546
786.454545454546
787.454545454546
788.454545454546
789.454545454546
790.454545454546
791.454545454546
792.454545454546
793.454545454546
794.454545454546
795.454545454546
796.454545454546
797.454545454546
798.454545454546
799.454545454546
656.7272727272732
658.7272727272732
660.7272727272732
663.7272727272732
664.7272727272732
667.7272727272732
668.7272727272732
669.7272727272732
670.7272727272732
671.7272727272732
672.7272727272732
673.7272727272732
674.7272727272732
675.7272727272732
676.7272727272732
677.7272727272732
678.7272727272732
679.7272727272732
680.7272727272732
681.7272727272732
682.7272727272732
683.7272727272732
684.7272727272732
685.7272727272732
686.7272727272732
687.7272727272732
688.7272727272732
689.7272727272732
690.7272727272732
691.7272727272732
692.7272727272732
693.7272727272732
694.7272727272732
695.7272727272732
696.7272727272732
697.7272727272732
698.7272727272732
699.7272727272732
700.7272727272732
701.7272727272732
702.7272727272732
703.7272727272732
704.7272727272732
705.7272727272732
706.7272727272732
707.7272727272732
708.7272727272732
709.7272727272732
710.7272727272732
711.7272727272732
712.7272727272732
713.7272727272732
714.7272727272732
715.7272727272732
716.7272727272732
717.7272727272732
718.7272727272732
719.7272727272732
720.7272727272732
721.7272727272732
722.7272727272732
723.7272727272732
724.7272727272732
725.7272727272732
726.7272727272732
727.7272727272732
728.7272727272732
729.7272727272732
730.7272727272732
731.7272727272732
732.7272727272732
733.7272727272732
734.7272727272732
735.7272727272732
736.7272727272732
737.7272727272732
738.7272727272732
739.7272727272732
740.7272727272732
741.7272727272732
742.7272727272732
743.7272727272732
744.7272727272732
745.7272727272732
746.7272727272732
747.7272727272732
748.7272727272732
764.7272727272732
765.7272727272732
766.7272727272732
767.7272727272732
768.7272727272732
769.7272727272732
770.7272727272732
771.7272727272732
772.7272727272732
773.7272727272732
774.7272727272732
775.7272727272732
776.7272727272732
777.7272727272732
778.7272727272732
779.7272727272732
780.7272727272732
781.7272727272732
782.7272727272732
783.7272727272732
784.7272727272732
785.7272727272732
786.7272727272732
787.7272727272732
788.7272727272732
789.7272727272732
790.7272727272732
791.7272727272732
792.7272727272732
793.7272727272732
794.7272727272732
795.7272727272732
796.7272727272732
797.7272727272732
798.7272727272732
799.7272727272732
