377.13636363636385
378.7727272727274
380.4090909090911
380.9090909090911
383.0454545454547
384.68181818181836
386.31818181818204
386.81818181818204
388.4545454545456
388.9545454545456
390.5909090909093
392.2272727272729
392.7272727272729
394.36363636363654
394.86363636363654
396.0000000000002
396.5000000000002
398.1363636363638
398.6363636363638
400.2727272727275
401.9090909090911
402.4090909090911
404.04545454545473
405.68181818181836
406.18181818181836
407.31818181818204
407.81818181818204
409.45454545454567
409.95454545454567
411.0909090909093
411.5909090909093
413.2272727272729
413.7272727272729
414.86363636363654
416.5000000000002
417.0000000000002
418.6363636363638
419.1363636363638
420.2727272727275
420.7727272727275
422.40909090909116
424.04545454545473
424.54545454545473
425.6818181818184
426.1818181818184
427.318181818182
427.818181818182
429.45454545454567
429.95454545454567
431.09090909090935
431.59090909090935
432.7272727272729
433.2272727272729
434.3636363636366
434.8636363636366
436.5000000000003
438.13636363636385
438.63636363636385
439.77272727272754
441.4090909090911
441.9090909090911
443.0454545454548
443.5454545454548
444.68181818181847
445.18181818181847
446.81818181818204
448.4545454545457
448.9545454545457
450.09090909090935
450.59090909090935
451.727272727273
452.227272727273
453.3636363636366
453.8636363636366
455.0000000000002
455.5000000000002
456.6363636363639
457.1363636363639
458.27272727272754
458.77272727272754
459.90909090909116
460.40909090909116
461.5454545454548
462.0454545454548
463.18181818181847
463.68181818181847
464.81818181818204
465.31818181818204
465.81818181818204
466.4545454545457
466.9545454545457
467.4545454545457
468.09090909090935
468.59090909090935
469.09090909090935
469.727272727273
470.227272727273
470.727272727273
471.36363636363666
471.86363636363666
472.36363636363666
473.0000000000002
473.5000000000002
474.0000000000002
474.6363636363639
475.1363636363639
475.6363636363639
476.2727272727276
476.7727272727276
477.2727272727276
477.90909090909116
478.40909090909116
478.90909090909116
480.04545454545485
480.54545454545485
482.1818181818184
