4.7500000000000036
4.800000000000003
4.800000000000003
4.800000000000003
4.800000000000003
4.800000000000003
4.800000000000003
4.850000000000003
4.850000000000003
4.850000000000003
4.850000000000003
4.850000000000003
4.850000000000003
4.850000000000003
4.850000000000003
4.850000000000003
4.850000000000003
4.850000000000003
4.850000000000003
4.900000000000004
4.900000000000004
4.900000000000004
4.900000000000004
4.900000000000004
4.900000000000004
4.900000000000004
4.900000000000004
4.900000000000004
4.900000000000004
4.900000000000004
4.900000000000004
4.900000000000004
4.900000000000004
4.900000000000004
4.950000000000004
4.950000000000004
4.950000000000004
4.950000000000004
4.950000000000004
4.950000000000004
4.950000000000004
4.950000000000004
4.950000000000004
4.950000000000004
4.950000000000004
4.950000000000004
4.950000000000004
4.950000000000004
4.950000000000004
4.950000000000004
5.0000000000000036
5.0000000000000036
5.0000000000000036
5.0000000000000036
5.0000000000000036
5.0000000000000036
5.0000000000000036
5.0000000000000036
5.0000000000000036
5.0000000000000036
5.0000000000000036
5.0000000000000036
5.0000000000000036
5.0000000000000036
5.0000000000000036
5.050000000000003
5.050000000000003
5.050000000000003
5.050000000000003
5.050000000000003
5.050000000000003
5.050000000000003
5.050000000000003
5.050000000000003
5.050000000000003
5.050000000000003
5.050000000000003
5.050000000000003
5.050000000000003
5.050000000000003
5.100000000000003
5.100000000000003
5.100000000000003
5.100000000000003
5.100000000000003
5.100000000000003
5.100000000000003
5.100000000000003
5.100000000000003
5.100000000000003
5.100000000000003
5.100000000000003
5.100000000000003
5.100000000000003
5.100000000000003
5.100000000000003
5.150000000000004
5.150000000000004
5.150000000000004
5.150000000000004
5.150000000000004
5.150000000000004
5.150000000000004
5.150000000000004
5.150000000000004
5.150000000000004
5.150000000000004
5.150000000000004
5.150000000000004
5.150000000000004
5.150000000000004
5.200000000000004
5.200000000000004
5.200000000000004
5.200000000000004
5.200000000000004
5.200000000000004
5.200000000000004
5.200000000000004
5.200000000000004
5.200000000000004
5.200000000000004
5.200000000000004
5.200000000000004
5.200000000000004
5.200000000000004
5.2500000000000036
5.2500000000000036
5.2500000000000036
5.2500000000000036
5.2500000000000036
5.2500000000000036
5.2500000000000036
5.2500000000000036
5.2500000000000036
5.2500000000000036
5.2500000000000036
5.2500000000000036
5.2500000000000036
5.2500000000000036
5.2500000000000036
5.300000000000004
5.300000000000004
5.300000000000004
5.300000000000004
5.300000000000004
5.300000000000004
5.300000000000004
5.300000000000004
5.300000000000004
5.300000000000004
5.300000000000004
5.300000000000004
5.300000000000004
5.300000000000004
5.300000000000004
5.350000000000004
5.350000000000004
5.350000000000004
5.350000000000004
5.350000000000004
5.350000000000004
5.350000000000004
5.350000000000004
5.350000000000004
5.350000000000004
5.350000000000004
5.350000000000004
5.350000000000004
5.350000000000004
5.400000000000004
5.400000000000004
5.400000000000004
5.400000000000004
5.400000000000004
5.400000000000004
5.400000000000004
5.400000000000004
5.400000000000004
5.400000000000004
5.400000000000004
5.400000000000004
5.400000000000004
5.400000000000004
5.400000000000004
5.450000000000004
5.450000000000004
5.450000000000004
5.450000000000004
5.450000000000004
5.450000000000004
5.450000000000004
5.450000000000004
5.450000000000004
5.450000000000004
5.450000000000004
5.450000000000004
5.450000000000004
5.450000000000004
5.5000000000000036
5.5000000000000036
5.5000000000000036
5.5000000000000036
5.5000000000000036
5.5000000000000036
5.5000000000000036
5.5000000000000036
5.5000000000000036
5.5000000000000036
5.5000000000000036
5.5000000000000036
5.5000000000000036
5.5000000000000036
5.5000000000000036
5.550000000000004
5.550000000000004
5.550000000000004
5.550000000000004
5.550000000000004
5.550000000000004
5.550000000000004
5.550000000000004
5.550000000000004
5.550000000000004
5.550000000000004
5.550000000000004
5.550000000000004
5.550000000000004
5.600000000000004
5.600000000000004
5.600000000000004
5.600000000000004
5.600000000000004
5.600000000000004
5.600000000000004
5.600000000000004
5.600000000000004
5.600000000000004
5.600000000000004
5.600000000000004
5.600000000000004
5.600000000000004
5.600000000000004
5.650000000000004
5.650000000000004
5.650000000000004
5.650000000000004
5.650000000000004
5.650000000000004
5.650000000000004
5.650000000000004
5.650000000000004
5.650000000000004
5.650000000000004
5.650000000000004
5.650000000000004
5.650000000000004
5.700000000000005
5.700000000000005
5.700000000000005
5.700000000000005
5.700000000000005
5.700000000000005
5.700000000000005
5.700000000000005
5.700000000000005
5.700000000000005
5.700000000000005
5.700000000000005
5.700000000000005
5.700000000000005
5.700000000000005
5.750000000000004
5.750000000000004
5.750000000000004
5.750000000000004
5.750000000000004
5.750000000000004
5.750000000000004
5.750000000000004
5.750000000000004
5.750000000000004
5.750000000000004
5.750000000000004
5.750000000000004
5.750000000000004
5.800000000000004
5.800000000000004
5.800000000000004
5.800000000000004
5.800000000000004
5.800000000000004
5.800000000000004
5.800000000000004
5.800000000000004
5.800000000000004
5.800000000000004
5.800000000000004
5.800000000000004
5.800000000000004
5.850000000000004
5.850000000000004
5.850000000000004
5.850000000000004
5.850000000000004
5.850000000000004
5.850000000000004
5.850000000000004
5.850000000000004
5.850000000000004
5.850000000000004
5.850000000000004
5.850000000000004
5.850000000000004
5.900000000000004
5.900000000000004
5.900000000000004
5.900000000000004
5.900000000000004
5.900000000000004
5.900000000000004
5.900000000000004
5.900000000000004
5.900000000000004
5.900000000000004
5.900000000000004
5.900000000000004
5.900000000000004
5.900000000000004
5.950000000000005
5.950000000000005
5.950000000000005
5.950000000000005
5.950000000000005
5.950000000000005
5.950000000000005
5.950000000000005
5.950000000000005
5.950000000000005
5.950000000000005
5.950000000000005
5.950000000000005
5.950000000000005
6.000000000000004
6.000000000000004
6.000000000000004
6.000000000000004
6.000000000000004
6.000000000000004
6.000000000000004
6.000000000000004
6.000000000000004
6.000000000000004
6.000000000000004
6.000000000000004
6.000000000000004
6.000000000000004
6.050000000000004
6.050000000000004
6.050000000000004
6.050000000000004
6.050000000000004
6.050000000000004
6.050000000000004
6.050000000000004
6.050000000000004
6.050000000000004
6.050000000000004
6.050000000000004
6.050000000000004
6.050000000000004
6.100000000000005
6.100000000000005
6.100000000000005
6.100000000000005
6.100000000000005
6.100000000000005
6.100000000000005
6.100000000000005
6.100000000000005
6.100000000000005
6.100000000000005
6.100000000000005
6.100000000000005
6.100000000000005
6.150000000000005
6.150000000000005
6.150000000000005
6.150000000000005
6.150000000000005
6.150000000000005
6.150000000000005
6.150000000000005
6.150000000000005
6.150000000000005
6.150000000000005
6.150000000000005
6.150000000000005
6.200000000000005
6.200000000000005
6.200000000000005
6.200000000000005
6.200000000000005
6.200000000000005
6.200000000000005
6.200000000000005
6.200000000000005
6.200000000000005
6.200000000000005
6.200000000000005
6.200000000000005
6.200000000000005
6.250000000000004
6.250000000000004
6.250000000000004
6.250000000000004
6.250000000000004
6.250000000000004
6.250000000000004
6.250000000000004
6.250000000000004
6.250000000000004
6.250000000000004
6.250000000000004
6.250000000000004
6.250000000000004
6.300000000000004
6.300000000000004
6.300000000000004
6.300000000000004
6.300000000000004
6.300000000000004
6.300000000000004
6.300000000000004
6.300000000000004
6.300000000000004
6.300000000000004
6.300000000000004
6.300000000000004
6.350000000000005
6.350000000000005
6.350000000000005
6.350000000000005
6.350000000000005
6.350000000000005
6.350000000000005
6.350000000000005
6.350000000000005
6.350000000000005
6.350000000000005
6.350000000000005
6.350000000000005
6.400000000000005
6.400000000000005
6.400000000000005
6.400000000000005
6.400000000000005
6.400000000000005
6.400000000000005
6.400000000000005
6.400000000000005
6.400000000000005
6.400000000000005
6.400000000000005
6.400000000000005
6.450000000000005
6.450000000000005
6.450000000000005
6.450000000000005
6.450000000000005
6.450000000000005
6.450000000000005
6.450000000000005
6.450000000000005
6.450000000000005
6.450000000000005
6.450000000000005
6.450000000000005
6.450000000000005
6.500000000000005
6.500000000000005
6.500000000000005
6.500000000000005
6.500000000000005
6.500000000000005
6.500000000000005
6.500000000000005
6.500000000000005
6.500000000000005
6.500000000000005
6.500000000000005
6.500000000000005
6.500000000000005
6.550000000000005
6.550000000000005
6.550000000000005
6.550000000000005
6.550000000000005
6.550000000000005
6.550000000000005
6.550000000000005
6.550000000000005
6.550000000000005
6.550000000000005
6.550000000000005
6.550000000000005
6.600000000000005
6.600000000000005
6.600000000000005
6.600000000000005
6.600000000000005
6.600000000000005
6.600000000000005
6.600000000000005
6.600000000000005
6.600000000000005
6.600000000000005
6.600000000000005
6.600000000000005
6.600000000000005
6.650000000000005
6.650000000000005
6.650000000000005
6.650000000000005
6.650000000000005
6.650000000000005
6.650000000000005
6.650000000000005
6.650000000000005
6.650000000000005
6.650000000000005
6.650000000000005
6.650000000000005
6.700000000000005
6.700000000000005
6.700000000000005
6.700000000000005
6.700000000000005
6.700000000000005
6.700000000000005
6.700000000000005
6.700000000000005
6.700000000000005
6.700000000000005
6.700000000000005
6.700000000000005
6.750000000000005
6.750000000000005
6.750000000000005
6.750000000000005
6.750000000000005
6.750000000000005
6.750000000000005
6.750000000000005
6.750000000000005
6.750000000000005
6.750000000000005
6.750000000000005
6.750000000000005
6.800000000000005
6.800000000000005
6.800000000000005
6.800000000000005
6.800000000000005
6.800000000000005
6.800000000000005
6.800000000000005
6.800000000000005
6.800000000000005
6.800000000000005
6.800000000000005
6.800000000000005
6.850000000000005
6.850000000000005
6.850000000000005
6.850000000000005
6.850000000000005
6.850000000000005
6.850000000000005
6.850000000000005
6.850000000000005
6.850000000000005
6.850000000000005
6.850000000000005
6.900000000000006
6.900000000000006
6.900000000000006
6.900000000000006
6.900000000000006
6.900000000000006
6.900000000000006
6.900000000000006
6.900000000000006
6.900000000000006
6.900000000000006
6.900000000000006
6.9500000000000055
6.9500000000000055
6.9500000000000055
6.9500000000000055
6.9500000000000055
6.9500000000000055
6.9500000000000055
6.9500000000000055
6.9500000000000055
6.9500000000000055
6.9500000000000055
6.9500000000000055
6.9500000000000055
7.000000000000005
7.000000000000005
7.000000000000005
7.000000000000005
7.000000000000005
7.000000000000005
7.000000000000005
7.000000000000005
7.000000000000005
7.000000000000005
7.000000000000005
7.000000000000005
7.000000000000005
7.050000000000005
7.050000000000005
7.050000000000005
7.050000000000005
7.050000000000005
7.050000000000005
7.050000000000005
7.050000000000005
7.050000000000005
7.050000000000005
7.050000000000005
7.050000000000005
7.050000000000005
7.100000000000005
7.100000000000005
7.100000000000005
7.100000000000005
7.100000000000005
7.100000000000005
7.100000000000005
7.100000000000005
7.100000000000005
7.100000000000005
7.100000000000005
7.100000000000005
7.150000000000006
7.150000000000006
7.150000000000006
7.150000000000006
7.150000000000006
7.150000000000006
7.150000000000006
7.150000000000006
7.150000000000006
7.150000000000006
7.150000000000006
7.150000000000006
7.2000000000000055
7.2000000000000055
7.2000000000000055
7.2000000000000055
7.2000000000000055
7.2000000000000055
7.2000000000000055
7.2000000000000055
7.2000000000000055
7.2000000000000055
7.2000000000000055
7.2000000000000055
7.250000000000005
7.250000000000005
7.250000000000005
7.250000000000005
7.250000000000005
7.250000000000005
7.250000000000005
7.250000000000005
7.250000000000005
7.250000000000005
7.250000000000005
7.250000000000005
7.300000000000006
7.300000000000006
7.300000000000006
7.300000000000006
7.300000000000006
7.300000000000006
7.300000000000006
7.300000000000006
7.300000000000006
7.300000000000006
7.300000000000006
7.350000000000006
7.350000000000006
7.350000000000006
7.350000000000006
7.350000000000006
7.350000000000006
7.350000000000006
7.350000000000006
7.350000000000006
7.350000000000006
7.350000000000006
7.400000000000006
7.400000000000006
7.400000000000006
7.400000000000006
7.400000000000006
7.400000000000006
7.400000000000006
7.400000000000006
7.400000000000006
7.400000000000006
7.400000000000006
7.4500000000000055
7.4500000000000055
7.4500000000000055
7.4500000000000055
7.4500000000000055
7.4500000000000055
7.4500000000000055
7.4500000000000055
7.4500000000000055
7.4500000000000055
7.4500000000000055
7.500000000000005
7.500000000000005
7.500000000000005
7.500000000000005
7.500000000000005
7.500000000000005
7.500000000000005
7.500000000000005
7.500000000000005
7.500000000000005
7.550000000000006
7.550000000000006
7.550000000000006
7.550000000000006
7.550000000000006
7.550000000000006
7.550000000000006
7.550000000000006
7.550000000000006
7.550000000000006
7.600000000000006
7.600000000000006
7.600000000000006
7.600000000000006
7.600000000000006
7.600000000000006
7.600000000000006
7.600000000000006
7.600000000000006
7.600000000000006
7.650000000000006
7.650000000000006
7.650000000000006
7.650000000000006
7.650000000000006
7.650000000000006
7.650000000000006
7.650000000000006
7.650000000000006
7.650000000000006
7.700000000000006
7.700000000000006
7.700000000000006
7.700000000000006
7.700000000000006
7.700000000000006
7.700000000000006
7.700000000000006
7.700000000000006
7.700000000000006
7.750000000000006
7.750000000000006
7.750000000000006
7.750000000000006
7.750000000000006
7.750000000000006
7.750000000000006
7.750000000000006
7.750000000000006
7.750000000000006
7.800000000000006
7.800000000000006
7.800000000000006
7.800000000000006
7.800000000000006
7.800000000000006
7.800000000000006
7.800000000000006
7.800000000000006
7.800000000000006
7.850000000000006
7.850000000000006
7.850000000000006
7.850000000000006
7.850000000000006
7.850000000000006
7.850000000000006
7.850000000000006
7.850000000000006
7.900000000000006
7.900000000000006
7.900000000000006
7.900000000000006
7.900000000000006
7.900000000000006
7.900000000000006
7.900000000000006
7.900000000000006
7.950000000000006
7.950000000000006
7.950000000000006
7.950000000000006
7.950000000000006
7.950000000000006
8.000000000000007
8.000000000000007
8.000000000000007
8.000000000000007
8.050000000000006
