378.7272727272729
378.3636363636365
378.8636363636365
379.3636363636365
379.8636363636365
380.3636363636365
380.8636363636365
377.50000000000017
378.00000000000017
378.50000000000017
379.00000000000017
379.50000000000017
380.00000000000017
380.50000000000017
381.00000000000017
381.50000000000017
382.00000000000017
382.50000000000017
383.00000000000017
377.63636363636385
378.13636363636385
378.63636363636385
379.13636363636385
379.63636363636385
380.13636363636385
380.63636363636385
381.13636363636385
381.63636363636385
382.13636363636385
382.63636363636385
383.13636363636385
383.63636363636385
384.13636363636385
384.63636363636385
379.2727272727274
379.7727272727274
380.2727272727274
380.7727272727274
381.2727272727274
381.7727272727274
382.2727272727274
382.7727272727274
383.2727272727274
383.7727272727274
384.2727272727274
384.7727272727274
385.2727272727274
385.7727272727274
386.2727272727274
386.7727272727274
381.4090909090911
381.9090909090911
382.4090909090911
382.9090909090911
383.4090909090911
383.9090909090911
384.4090909090911
384.9090909090911
385.4090909090911
385.9090909090911
386.4090909090911
386.9090909090911
387.4090909090911
387.9090909090911
388.4090909090911
383.5454545454547
384.0454545454547
384.5454545454547
385.0454545454547
385.5454545454547
386.0454545454547
386.5454545454547
387.0454545454547
387.5454545454547
388.0454545454547
388.5454545454547
389.0454545454547
389.5454545454547
390.0454545454547
390.5454545454547
385.18181818181836
385.68181818181836
386.18181818181836
386.68181818181836
387.18181818181836
387.68181818181836
388.18181818181836
388.68181818181836
389.18181818181836
389.68181818181836
390.18181818181836
390.68181818181836
391.18181818181836
391.68181818181836
392.18181818181836
392.68181818181836
387.31818181818204
387.81818181818204
388.31818181818204
388.81818181818204
389.31818181818204
389.81818181818204
390.31818181818204
390.81818181818204
391.31818181818204
391.81818181818204
392.31818181818204
392.81818181818204
393.31818181818204
393.81818181818204
394.31818181818204
389.4545454545456
389.9545454545456
390.4545454545456
390.9545454545456
391.4545454545456
391.9545454545456
392.4545454545456
392.9545454545456
393.4545454545456
393.9545454545456
394.4545454545456
394.9545454545456
395.4545454545456
395.9545454545456
396.4545454545456
391.0909090909093
391.5909090909093
392.0909090909093
392.5909090909093
393.0909090909093
393.5909090909093
394.0909090909093
394.5909090909093
395.0909090909093
395.5909090909093
396.0909090909093
396.5909090909093
397.0909090909093
397.5909090909093
398.0909090909093
393.2272727272729
393.7272727272729
394.2272727272729
394.7272727272729
395.2272727272729
395.7272727272729
396.2272727272729
396.7272727272729
397.2272727272729
397.7272727272729
398.2272727272729
398.7272727272729
399.2272727272729
399.7272727272729
400.2272727272729
395.36363636363654
395.86363636363654
396.36363636363654
396.86363636363654
397.36363636363654
397.86363636363654
398.36363636363654
398.86363636363654
399.36363636363654
399.86363636363654
400.36363636363654
400.86363636363654
401.36363636363654
401.86363636363654
397.0000000000002
397.5000000000002
398.0000000000002
398.5000000000002
399.0000000000002
399.5000000000002
400.0000000000002
400.5000000000002
401.0000000000002
401.5000000000002
402.0000000000002
402.5000000000002
403.0000000000002
403.5000000000002
404.0000000000002
399.1363636363638
399.6363636363638
400.1363636363638
400.6363636363638
401.1363636363638
401.6363636363638
402.1363636363638
402.6363636363638
403.1363636363638
403.6363636363638
404.1363636363638
404.6363636363638
405.1363636363638
405.6363636363638
400.7727272727275
401.2727272727275
401.7727272727275
402.2727272727275
402.7727272727275
403.2727272727275
403.7727272727275
404.2727272727275
404.7727272727275
405.2727272727275
405.7727272727275
406.2727272727275
406.7727272727275
407.2727272727275
407.7727272727275
402.9090909090911
403.4090909090911
403.9090909090911
404.4090909090911
404.9090909090911
405.4090909090911
405.9090909090911
406.4090909090911
406.9090909090911
407.4090909090911
407.9090909090911
408.4090909090911
408.9090909090911
409.4090909090911
404.54545454545473
405.04545454545473
405.54545454545473
406.04545454545473
406.54545454545473
407.04545454545473
407.54545454545473
408.04545454545473
408.54545454545473
409.04545454545473
409.54545454545473
410.04545454545473
410.54545454545473
411.04545454545473
411.54545454545473
406.68181818181836
407.18181818181836
407.68181818181836
408.18181818181836
408.68181818181836
409.18181818181836
409.68181818181836
410.18181818181836
410.68181818181836
411.18181818181836
411.68181818181836
412.18181818181836
412.68181818181836
413.18181818181836
408.31818181818204
408.81818181818204
409.31818181818204
409.81818181818204
410.31818181818204
410.81818181818204
411.31818181818204
411.81818181818204
412.31818181818204
412.81818181818204
413.31818181818204
413.81818181818204
414.31818181818204
414.81818181818204
415.31818181818204
410.45454545454567
410.95454545454567
411.45454545454567
411.95454545454567
412.45454545454567
412.95454545454567
413.45454545454567
413.95454545454567
414.45454545454567
414.95454545454567
415.45454545454567
415.95454545454567
416.45454545454567
416.95454545454567
412.0909090909093
412.5909090909093
413.0909090909093
413.5909090909093
414.0909090909093
414.5909090909093
415.0909090909093
415.5909090909093
416.0909090909093
416.5909090909093
417.0909090909093
417.5909090909093
418.0909090909093
418.5909090909093
414.2272727272729
414.7272727272729
415.2272727272729
415.7272727272729
416.2272727272729
416.7272727272729
417.2272727272729
417.7272727272729
418.2272727272729
418.7272727272729
419.2272727272729
419.7272727272729
420.2272727272729
420.7272727272729
415.36363636363654
415.86363636363654
416.36363636363654
416.86363636363654
417.36363636363654
417.86363636363654
418.36363636363654
418.86363636363654
419.36363636363654
419.86363636363654
420.36363636363654
420.86363636363654
421.36363636363654
421.86363636363654
422.36363636363654
417.5000000000002
418.0000000000002
418.5000000000002
419.0000000000002
419.5000000000002
420.0000000000002
420.5000000000002
421.0000000000002
421.5000000000002
422.0000000000002
422.5000000000002
423.0000000000002
423.5000000000002
424.0000000000002
419.6363636363638
420.1363636363638
420.6363636363638
421.1363636363638
421.6363636363638
422.1363636363638
422.6363636363638
423.1363636363638
423.6363636363638
424.1363636363638
424.6363636363638
425.1363636363638
425.6363636363638
426.1363636363638
421.2727272727275
421.7727272727275
422.2727272727275
422.7727272727275
423.2727272727275
423.7727272727275
424.2727272727275
424.7727272727275
425.2727272727275
425.7727272727275
426.2727272727275
426.7727272727275
427.2727272727275
427.7727272727275
422.90909090909116
423.40909090909116
423.90909090909116
424.40909090909116
424.90909090909116
425.40909090909116
425.90909090909116
426.40909090909116
426.90909090909116
427.40909090909116
427.90909090909116
428.40909090909116
428.90909090909116
429.40909090909116
425.04545454545473
425.54545454545473
426.04545454545473
426.54545454545473
427.04545454545473
427.54545454545473
428.04545454545473
428.54545454545473
429.04545454545473
429.54545454545473
430.04545454545473
430.54545454545473
431.04545454545473
426.6818181818184
427.1818181818184
427.6818181818184
428.1818181818184
428.6818181818184
429.1818181818184
429.6818181818184
430.1818181818184
430.6818181818184
431.1818181818184
431.6818181818184
432.1818181818184
432.6818181818184
433.1818181818184
428.318181818182
428.818181818182
429.318181818182
429.818181818182
430.318181818182
430.818181818182
431.318181818182
431.818181818182
432.318181818182
432.818181818182
433.318181818182
433.818181818182
434.318181818182
434.818181818182
430.45454545454567
430.95454545454567
431.45454545454567
431.95454545454567
432.45454545454567
432.95454545454567
433.45454545454567
433.95454545454567
434.45454545454567
434.95454545454567
435.45454545454567
435.95454545454567
436.45454545454567
432.09090909090935
432.59090909090935
433.09090909090935
433.59090909090935
434.09090909090935
434.59090909090935
435.09090909090935
435.59090909090935
436.09090909090935
436.59090909090935
437.09090909090935
437.59090909090935
438.09090909090935
433.7272727272729
434.2272727272729
434.7272727272729
435.2272727272729
435.7272727272729
436.2272727272729
436.7272727272729
437.2272727272729
437.7272727272729
438.2272727272729
438.7272727272729
439.2272727272729
439.7272727272729
435.3636363636366
435.8636363636366
436.3636363636366
436.8636363636366
437.3636363636366
437.8636363636366
438.3636363636366
438.8636363636366
439.3636363636366
439.8636363636366
440.3636363636366
440.8636363636366
441.3636363636366
441.8636363636366
437.0000000000003
437.5000000000003
438.0000000000003
438.5000000000003
439.0000000000003
439.5000000000003
440.0000000000003
440.5000000000003
441.0000000000003
441.5000000000003
442.0000000000003
442.5000000000003
443.0000000000003
443.5000000000003
439.13636363636385
439.63636363636385
440.13636363636385
440.63636363636385
441.13636363636385
441.63636363636385
442.13636363636385
442.63636363636385
443.13636363636385
443.63636363636385
444.13636363636385
444.63636363636385
445.13636363636385
440.27272727272754
440.77272727272754
441.27272727272754
441.77272727272754
442.27272727272754
442.77272727272754
443.27272727272754
443.77272727272754
444.27272727272754
444.77272727272754
445.27272727272754
445.77272727272754
446.27272727272754
446.77272727272754
442.4090909090911
442.9090909090911
443.4090909090911
443.9090909090911
444.4090909090911
444.9090909090911
445.4090909090911
445.9090909090911
446.4090909090911
446.9090909090911
447.4090909090911
447.9090909090911
448.4090909090911
444.0454545454548
444.5454545454548
445.0454545454548
445.5454545454548
446.0454545454548
446.5454545454548
447.0454545454548
447.5454545454548
448.0454545454548
448.5454545454548
449.0454545454548
449.5454545454548
450.0454545454548
445.68181818181847
446.18181818181847
446.68181818181847
447.18181818181847
447.68181818181847
448.18181818181847
448.68181818181847
449.18181818181847
449.68181818181847
450.18181818181847
450.68181818181847
451.18181818181847
451.68181818181847
447.31818181818204
447.81818181818204
448.31818181818204
448.81818181818204
449.31818181818204
449.81818181818204
450.31818181818204
450.81818181818204
451.31818181818204
451.81818181818204
452.31818181818204
452.81818181818204
453.31818181818204
449.4545454545457
449.9545454545457
450.4545454545457
450.9545454545457
451.4545454545457
451.9545454545457
452.4545454545457
452.9545454545457
453.4545454545457
453.9545454545457
454.4545454545457
454.9545454545457
451.09090909090935
451.59090909090935
452.09090909090935
452.59090909090935
453.09090909090935
453.59090909090935
454.09090909090935
454.59090909090935
455.09090909090935
455.59090909090935
456.09090909090935
456.59090909090935
452.727272727273
453.227272727273
453.727272727273
454.227272727273
454.727272727273
455.227272727273
455.727272727273
456.227272727273
456.727272727273
457.227272727273
457.727272727273
458.227272727273
458.727272727273
454.3636363636366
454.8636363636366
455.3636363636366
455.8636363636366
456.3636363636366
456.8636363636366
457.3636363636366
457.8636363636366
458.3636363636366
458.8636363636366
459.3636363636366
459.8636363636366
460.3636363636366
456.0000000000002
456.5000000000002
457.0000000000002
457.5000000000002
458.0000000000002
458.5000000000002
459.0000000000002
459.5000000000002
460.0000000000002
460.5000000000002
461.0000000000002
461.5000000000002
462.0000000000002
458.1363636363639
458.6363636363639
459.1363636363639
459.6363636363639
460.1363636363639
460.6363636363639
461.1363636363639
461.6363636363639
462.1363636363639
462.6363636363639
463.1363636363639
463.6363636363639
459.77272727272754
460.27272727272754
460.77272727272754
461.27272727272754
461.77272727272754
462.27272727272754
462.77272727272754
463.27272727272754
463.77272727272754
464.27272727272754
464.77272727272754
465.27272727272754
461.40909090909116
461.90909090909116
462.40909090909116
462.90909090909116
463.40909090909116
463.90909090909116
464.40909090909116
464.90909090909116
465.40909090909116
465.90909090909116
466.40909090909116
466.90909090909116
463.0454545454548
463.5454545454548
464.0454545454548
464.5454545454548
465.0454545454548
465.5454545454548
466.0454545454548
466.5454545454548
467.0454545454548
467.5454545454548
468.0454545454548
468.5454545454548
464.68181818181847
465.18181818181847
465.68181818181847
466.18181818181847
466.68181818181847
467.18181818181847
467.68181818181847
468.18181818181847
468.68181818181847
469.18181818181847
469.68181818181847
466.31818181818204
466.81818181818204
467.31818181818204
467.81818181818204
468.31818181818204
468.81818181818204
469.31818181818204
469.81818181818204
470.31818181818204
470.81818181818204
471.31818181818204
467.9545454545457
468.4545454545457
468.9545454545457
469.4545454545457
469.9545454545457
470.4545454545457
470.9545454545457
471.4545454545457
471.9545454545457
472.4545454545457
472.9545454545457
469.59090909090935
470.09090909090935
470.59090909090935
471.09090909090935
471.59090909090935
472.09090909090935
472.59090909090935
473.09090909090935
473.59090909090935
474.09090909090935
474.59090909090935
471.727272727273
472.227272727273
472.727272727273
473.227272727273
473.727272727273
474.227272727273
474.727272727273
475.227272727273
475.727272727273
476.227272727273
473.36363636363666
473.86363636363666
474.36363636363666
474.86363636363666
475.36363636363666
475.86363636363666
476.36363636363666
476.86363636363666
477.36363636363666
477.86363636363666
475.0000000000002
475.5000000000002
476.0000000000002
476.5000000000002
477.0000000000002
477.5000000000002
478.0000000000002
478.5000000000002
479.0000000000002
479.5000000000002
476.6363636363639
477.1363636363639
477.6363636363639
478.1363636363639
478.6363636363639
479.1363636363639
479.6363636363639
480.1363636363639
480.6363636363639
481.1363636363639
478.2727272727276
478.7727272727276
479.2727272727276
479.7727272727276
480.2727272727276
480.7727272727276
481.2727272727276
481.7727272727276
482.2727272727276
482.7727272727276
479.90909090909116
480.40909090909116
480.90909090909116
481.40909090909116
481.90909090909116
482.40909090909116
482.90909090909116
483.40909090909116
483.90909090909116
484.40909090909116
479.54545454545485
481.54545454545485
482.04545454545485
482.54545454545485
483.04545454545485
483.54545454545485
484.04545454545485
484.54545454545485
485.04545454545485
485.54545454545485
483.1818181818184
483.6818181818184
484.1818181818184
484.6818181818184
485.1818181818184
485.6818181818184
486.1818181818184
486.6818181818184
487.1818181818184
484.8181818181821
485.3181818181821
485.8181818181821
486.3181818181821
486.8181818181821
487.3181818181821
487.8181818181821
488.3181818181821
488.8181818181821
487.9545454545458
488.4545454545458
488.9545454545458
489.4545454545458
489.9545454545458
490.4545454545458
490.5909090909094
491.0909090909094
491.5909090909094
492.0909090909094
493.72727272727303
